PRICE_ARRAY : [ 20.79000000
20.79000000
21.33450000
21.33450000
21.33450000
21.33450000
21.33450000
21.33450000
21.33450000
21.33450000
21.33450000
21.33450000
21.33450000
21.33450000
21.33450000
21.33450000
21.33450000
21.33450000
21.33450000
21.33450000
21.33450000
21.33450000
21.33450000
21.33450000
21.33450000
21.33450000
21.33450000
21.33450000
21.33450000
21.33450000
21.33450000
21.01601700
21.48527700
21.48527700
21.48527700
21.48527700
21.48527700
21.05858700
21.05858700
21.51992700
21.51992700
21.51992700
21.51992700
21.51992700
21.10828500
21.10828500
21.55932900
21.55932900
21.55932900
21.55932900
21.55932900
21.16194300
21.16194300
21.60338400
21.60338400
21.60338400
21.60338400
21.60338400
21.21540300
21.22391700
21.63070800
21.63070800
21.63070800
21.63070800
21.63070800
21.19520700
21.19520700
21.50596800
21.50596800
21.50596800
21.50596800
21.50596800
20.97720900
20.97720900
21.19382100
21.19382100
21.19382100
21.19382100
21.19382100
20.56447800
20.56447800
20.69446500
20.69446500
20.69446500
20.69446500
20.69446500
19.95711300
19.95711300
20.17392300
20.17392300
19.90206900
19.90206900
19.90206900
19.19679300
19.19679300
19.34014500
19.34014500
19.34014500
19.34014500
18.65843100
18.52606800
18.52606800
18.39905100
18.65437200
18.65437200
18.65437200
18.65437200
17.98661700
17.98661700
18.21372300
18.21372300
18.21372300
18.21372300
18.21372300
17.57853900
17.57853900
17.87494500
17.87494500
17.87494500
17.87494500
17.77109400
17.29935900
17.29935900
17.25075000
17.57655900
17.57655900
17.57655900
17.57655900
17.08829100
17.08829100
17.38044000
17.38044000
17.38044000
17.38044000
17.38044000
16.91652600
16.91652600
17.21025900
17.21025900
17.21025900
17.21025900
17.21025900
16.78426200
16.78426200
16.76099700
17.07512400
17.07512400
17.07512400
17.07512400
16.69149900
16.69149900
16.99622100
16.99622100
16.99622100
16.99622100
16.99622100
16.62744600
16.62744600
16.92543600
16.92543600
16.92543600
16.92543600
16.92543600
16.56953100
16.56953100
16.86059100
16.86059100
16.86059100
16.86059100
16.86059100
16.51686300
16.51686300
16.80158700
16.80158700
16.80158700
16.80158700
16.80158700
16.46944200
16.46944200
16.75911600
16.75911600
16.74238500
16.74238500
16.74238500
16.43568300
16.43568300
16.73773200
16.73773200
16.73773200
16.73773200
16.73773200
16.46488800
16.46488800
16.80198300
16.80198300
16.80198300
16.80198300
16.80198300
16.56547200
16.56547200
16.94276100
16.94276100
16.94276100
16.94276100
16.94276100
16.73743500
16.73743500
17.15986800
17.15986800
17.15986800
17.15986800
17.15986800
16.97988600
16.97988600
17.41994100
17.41994100
17.41994100
17.41994100
17.41994100
17.19550800
17.19550800
17.59467600
17.59467600
17.59467600
17.59467600
17.59467600
17.30906100
17.30906100
17.66367900
17.66367900
17.66367900
17.66367900
17.66367900
17.32074300
17.32074300
17.62675200
17.62675200
17.62675200
17.62675200
17.62675200
17.23035600
17.23035600
17.19798300
17.48300400
17.48300400
17.48300400
17.48300400
17.10848700
17.10848700
17.46756000
17.46756000
17.46756000
17.46756000
17.46756000
17.19956700
17.19956700
17.67912300
17.67912300
17.67912300
17.67912300
17.67912300
17.52587100
17.52587100
18.12917700
18.12917700
18.12917700
18.12917700
18.12917700
18.08749800
18.08749800
18.70159500
18.70159500
18.70159500
18.99018000
18.99018000
18.85752000
18.85752000
19.58685300
19.58685300
19.58685300
19.58685300
19.58685300
19.54210500
19.54210500
20.19897000
20.19897000
20.19897000
20.19897000
20.19897000
20.05641000
20.05641000
20.64169800
20.64169800
20.64169800
20.64169800
20.64169800
20.40053400
20.40053400
20.91483900
20.91483900
20.91483900
20.91483900
20.91483900
20.56804200
20.58071400
21.04680600
21.04680600
21.04680600
21.04680600
21.04680600
20.68426800
20.68426800
21.21411600
21.21411600
21.21411600
21.21411600
21.21411600
20.86781400
20.86781400
21.46280400
21.46280400
21.46280400
21.46280400
21.46280400
21.12640200
21.12640200
21.79287000
21.79287000
21.79287000
21.79287000
21.79287000
21.45983400
21.45983400
22.07690100
22.23272700
22.23272700
22.23272700
22.23272700
21.85108200
21.85108200
22.62882600
22.62882600
22.62882600
22.62882600
22.62882600
22.24104300
22.24104300
23.03621100
23.03621100
23.03621100
23.03621100
23.03621100
22.62427200
22.62427200
23.39637300
23.39637300
23.39637300
23.39637300
22.92067800
23.00076900
23.00076900
23.08056300
23.13362700
23.18649300
23.23926000
23.29182900
23.36875200
23.36875200
24.11748900
24.11748900
24.11748900
24.11748900
24.11748900
23.68416600
23.68416600
24.35994000
24.35994000
24.35994000
24.35994000
24.35994000
23.92602300
23.92602300
24.51299400
24.51299400
24.51299400
24.51299400
24.51299400
24.09452100
24.09452100
24.57675000
24.57675000
24.57675000
24.57675000
24.57675000
24.18966000
24.18966000
24.54388200
24.54388200
24.54388200
24.54388200
24.54388200
24.16154400
24.16154400
24.33538800
24.33538800
24.33538800
24.33538800
24.33538800
23.90424300
23.90424300
23.91840000
23.91840000
23.91840000
23.91840000
23.91840000
23.41359900
23.41359900
23.29301700
23.29301700
23.29301700
23.29301700
23.29301700
22.68961200
22.68961200
22.48072200
22.48072200
22.48072200
22.48072200
22.48072200
21.84593400
21.84593400
21.71446200
21.71446200
21.71446200
21.71446200
21.71446200
21.12481800
21.12481800
21.09115800
21.09115800
21.09115800
21.09115800
21.09115800
20.53537200
20.53537200
20.61061200
20.61061200
20.61061200
20.61061200
20.61061200
20.07779400
20.07779400
20.31054300
20.31054300
20.31054300
20.23352100
19.80999900
19.74960900
19.74960900
19.69317900
20.03908500
20.03908500
20.03908500
20.03908500
19.52478000
19.52478000
19.91008800
19.91008800
19.91008800
19.91008800
19.91008800
19.39558500
19.39558500
19.84405500
19.84405500
19.84405500
19.84405500
19.84405500
19.36222200
19.36222200
19.85425200
19.85425200
19.85425200
19.85425200
19.85425200
19.42389900
19.42389900
19.44488700
19.92632400
19.92632400
19.92632400
19.92632400
19.50903900
19.50903900
19.97235900
19.97235900
19.97235900
19.97235900
19.97235900
19.56200400
19.56200400
19.99503000
19.99503000
19.99503000
19.99503000
19.99503000
19.58309100
19.58309100
19.98938700
19.98938700
19.98938700
19.98938700
19.98938700
19.57200300
19.57200300
19.56556800
19.95374700
19.95374700
19.95374700
19.95374700
19.53784800
19.53784800
19.92028500
19.92028500
19.92028500
19.92028500
19.92028500
19.51111800
19.51111800
19.89513900
19.89513900
19.89513900
19.89513900
19.89513900
19.49468400
19.49468400
19.88147700
19.88147700
19.88147700
19.88147700
19.88147700
19.48854600
19.48854600
19.87860600
19.87860600
19.87860600
19.87989300
19.87989300
19.49240700
19.49240700
19.88692200
19.88692200
19.88692200
19.88692200
19.88692200
19.50230700
19.50230700
19.90305900
19.90305900
19.90305900
19.90305900
19.90305900
19.51705800
19.51705800
19.92721500
19.92721500
19.92721500
19.92721500
19.92721500
19.53666000
19.53666000
19.95958800
19.95958800
19.95958800
19.95958800
19.95958800
19.55923200
19.56309300
19.99423800
19.99423800
19.99423800
19.99423800
19.99423800
19.57418100
19.57418100
19.99423800
19.99423800
19.99423800
19.99423800
19.99423800
19.55448000
19.55448000
19.94998500
19.94998500
19.94998500
19.94998500
19.94998500
19.50171300
19.50171300
19.86138000
19.86138000
19.86138000
19.86138000
19.86138000
19.41607800
19.41607800
19.39350600
19.75109400
19.71000900
19.71000900
19.71000900
19.32034500
19.32034500
19.66100400
19.66100400
19.66100400
19.66100400
19.66100400
19.34796600
19.34796600
19.75594500
19.75594500
19.75594500
19.75594500
19.75594500
19.52190900
19.52190900
20.01750300
20.01750300
20.01750300
20.01750300
20.01750300
19.84197600
19.84197600
20.40825600
20.40825600
20.40825600
20.40825600
20.59516800
20.30519700
20.30519700
20.99928600
20.99928600
20.99928600
20.99928600
20.99928600
20.82732300
20.82732300
21.57932700
21.57932700
21.57932700
21.57932700
21.57932700
21.36895200
21.36895200
22.17649500
22.17649500
22.17649500
22.17649500
22.17649500
21.93018300
21.93018300
22.79098800
22.79098800
22.79098800
22.79098800
22.79098800
22.51091700
22.51091700
23.41785600
23.41785600
23.41785600
23.41785600
23.41785600
23.09115600
23.09115600
24.00581700
24.00581700
24.00581700
24.00581700
24.00581700
23.62813200
23.62813200
24.53368500
24.53368500
24.53368500
24.53368500
24.53368500
24.12026100
24.12026100
25.00116300
25.00116300
25.00116300
25.00116300
25.00116300
24.56744400
24.56744400
25.32736800
25.32736800
25.46299800
25.46299800
25.46299800
24.96958200
24.96958200
25.76564100
25.76564100
25.76564100
25.76564100
25.76564100
25.32538800
25.32538800
26.08125300
26.08125300
26.08125300
26.08125300
26.08125300
25.63466400
25.63466400
26.35578000
26.35578000
26.35578000
26.35578000
26.35578000
25.89741000
25.89741000
25.94780100
25.98017400
26.01155700
26.04195000
26.07145200 ]
