PRICE_ARRAY : [ 21.21000000
21.21000000
21.76550000
21.76550000
21.76550000
21.76550000
21.76550000
21.76550000
21.76550000
21.76550000
21.76550000
21.76550000
21.76550000
21.76550000
21.76550000
21.76550000
21.76550000
21.76550000
21.76550000
21.76550000
21.76550000
21.76550000
21.76550000
21.76550000
21.76550000
21.76550000
21.76550000
21.76550000
21.76550000
21.76550000
21.76550000
21.44058300
21.91932300
21.91932300
21.91932300
21.91932300
21.91932300
21.48401300
21.48401300
21.95467300
21.95467300
21.95467300
21.95467300
21.95467300
21.53471500
21.53471500
21.99487100
21.99487100
21.99487100
21.99487100
21.99487100
21.58945700
21.58945700
22.03981600
22.03981600
22.03981600
22.03981600
22.03981600
21.64399700
21.65268300
22.06769200
22.06769200
22.06769200
22.06769200
22.06769200
21.62339300
21.62339300
21.94043200
21.94043200
21.94043200
21.94043200
21.94043200
21.40099100
21.40099100
21.62197900
21.62197900
21.62197900
21.62197900
21.62197900
20.97992200
20.97992200
21.11253500
21.11253500
21.11253500
21.11253500
21.11253500
20.36028700
20.36028700
20.58147700
20.58147700
20.30413100
20.30413100
20.30413100
19.58460700
19.58460700
19.73085500
19.73085500
19.73085500
19.73085500
19.03536900
18.90033200
18.90033200
18.77074900
19.03122800
19.03122800
19.03122800
19.03122800
18.34998300
18.34998300
18.58167700
18.58167700
18.58167700
18.58167700
18.58167700
17.93366100
17.93366100
18.23605500
18.23605500
18.23605500
18.23605500
18.13010600
17.64884100
17.64884100
17.59925000
17.93164100
17.93164100
17.93164100
17.93164100
17.43350900
17.43350900
17.73156000
17.73156000
17.73156000
17.73156000
17.73156000
17.25827400
17.25827400
17.55794100
17.55794100
17.55794100
17.55794100
17.55794100
17.12333800
17.12333800
17.09960300
17.42007600
17.42007600
17.42007600
17.42007600
17.02870100
17.02870100
17.33957900
17.33957900
17.33957900
17.33957900
17.33957900
16.96335400
16.96335400
17.26736400
17.26736400
17.26736400
17.26736400
17.26736400
16.90426900
16.90426900
17.20120900
17.20120900
17.20120900
17.20120900
17.20120900
16.85053700
16.85053700
17.14101300
17.14101300
17.14101300
17.14101300
17.14101300
16.80215800
16.80215800
17.09768400
17.09768400
17.08061500
17.08061500
17.08061500
16.76771700
16.76771700
17.07586800
17.07586800
17.07586800
17.07586800
17.07586800
16.79751200
16.79751200
17.14141700
17.14141700
17.14141700
17.14141700
17.14141700
16.90012800
16.90012800
17.28503900
17.28503900
17.28503900
17.28503900
17.28503900
17.07556500
17.07556500
17.50653200
17.50653200
17.50653200
17.50653200
17.50653200
17.32291400
17.32291400
17.77185900
17.77185900
17.77185900
17.77185900
17.77185900
17.54289200
17.54289200
17.95012400
17.95012400
17.95012400
17.95012400
17.95012400
17.65873900
17.65873900
18.02052100
18.02052100
18.02052100
18.02052100
18.02052100
17.67065700
17.67065700
17.98284800
17.98284800
17.98284800
17.98284800
17.98284800
17.57844400
17.57844400
17.54541700
17.83619600
17.83619600
17.83619600
17.83619600
17.45411300
17.45411300
17.82044000
17.82044000
17.82044000
17.82044000
17.82044000
17.54703300
17.54703300
18.03627700
18.03627700
18.03627700
18.03627700
18.03627700
17.87992900
17.87992900
18.49542300
18.49542300
18.49542300
18.49542300
18.49542300
18.45290200
18.45290200
19.07940500
19.07940500
19.07940500
19.37382000
19.37382000
19.23848000
19.23848000
19.98254700
19.98254700
19.98254700
19.98254700
19.98254700
19.93689500
19.93689500
20.60703000
20.60703000
20.60703000
20.60703000
20.60703000
20.46159000
20.46159000
21.05870200
21.05870200
21.05870200
21.05870200
21.05870200
20.81266600
20.81266600
21.33736100
21.33736100
21.33736100
21.33736100
21.33736100
20.98355800
20.99648600
21.47199400
21.47199400
21.47199400
21.47199400
21.47199400
21.10213200
21.10213200
21.64268400
21.64268400
21.64268400
21.64268400
21.64268400
21.28938600
21.28938600
21.89639600
21.89639600
21.89639600
21.89639600
21.89639600
21.55319800
21.55319800
22.23313000
22.23313000
22.23313000
22.23313000
22.23313000
21.89336600
21.89336600
22.52289900
22.68187300
22.68187300
22.68187300
22.68187300
22.29251800
22.29251800
23.08597400
23.08597400
23.08597400
23.08597400
23.08597400
22.69035700
22.69035700
23.50158900
23.50158900
23.50158900
23.50158900
23.50158900
23.08132800
23.08132800
23.86902700
23.86902700
23.86902700
23.86902700
23.38372200
23.46543100
23.46543100
23.54683700
23.60097300
23.65490700
23.70874000
23.76237100
23.84084800
23.84084800
24.60471100
24.60471100
24.60471100
24.60471100
24.60471100
24.16263400
24.16263400
24.85206000
24.85206000
24.85206000
24.85206000
24.85206000
24.40937700
24.40937700
25.00820600
25.00820600
25.00820600
25.00820600
25.00820600
24.58127900
24.58127900
25.07325000
25.07325000
25.07325000
25.07325000
25.07325000
24.67834000
24.67834000
25.03971800
25.03971800
25.03971800
25.03971800
25.03971800
24.64965600
24.64965600
24.82701200
24.82701200
24.82701200
24.82701200
24.82701200
24.38715700
24.38715700
24.40160000
24.40160000
24.40160000
24.40160000
24.40160000
23.88660100
23.88660100
23.76358300
23.76358300
23.76358300
23.76358300
23.76358300
23.14798800
23.14798800
22.93487800
22.93487800
22.93487800
22.93487800
22.93487800
22.28726600
22.28726600
22.15313800
22.15313800
22.15313800
22.15313800
22.15313800
21.55158200
21.55158200
21.51724200
21.51724200
21.51724200
21.51724200
21.51724200
20.95022800
20.95022800
21.02698800
21.02698800
21.02698800
21.02698800
21.02698800
20.48340600
20.48340600
20.72085700
20.72085700
20.72085700
20.64227900
20.21020100
20.14859100
20.14859100
20.09102100
20.44391500
20.44391500
20.44391500
20.44391500
19.91922000
19.91922000
20.31231200
20.31231200
20.31231200
20.31231200
20.31231200
19.78741500
19.78741500
20.24494500
20.24494500
20.24494500
20.24494500
20.24494500
19.75337800
19.75337800
20.25534800
20.25534800
20.25534800
20.25534800
20.25534800
19.81630100
19.81630100
19.83771300
20.32887600
20.32887600
20.32887600
20.32887600
19.90316100
19.90316100
20.37584100
20.37584100
20.37584100
20.37584100
20.37584100
19.95719600
19.95719600
20.39897000
20.39897000
20.39897000
20.39897000
20.39897000
19.97870900
19.97870900
20.39321300
20.39321300
20.39321300
20.39321300
20.39321300
19.96739700
19.96739700
19.96083200
20.35685300
20.35685300
20.35685300
20.35685300
19.93255200
19.93255200
20.32271500
20.32271500
20.32271500
20.32271500
20.32271500
19.90528200
19.90528200
20.29706100
20.29706100
20.29706100
20.29706100
20.29706100
19.88851600
19.88851600
20.28312300
20.28312300
20.28312300
20.28312300
20.28312300
19.88225400
19.88225400
20.28019400
20.28019400
20.28019400
20.28150700
20.28150700
19.88619300
19.88619300
20.28867800
20.28867800
20.28867800
20.28867800
20.28867800
19.89629300
19.89629300
20.30514100
20.30514100
20.30514100
20.30514100
20.30514100
19.91134200
19.91134200
20.32978500
20.32978500
20.32978500
20.32978500
20.32978500
19.93134000
19.93134000
20.36281200
20.36281200
20.36281200
20.36281200
20.36281200
19.95436800
19.95830700
20.39816200
20.39816200
20.39816200
20.39816200
20.39816200
19.96961900
19.96961900
20.39816200
20.39816200
20.39816200
20.39816200
20.39816200
19.94952000
19.94952000
20.35301500
20.35301500
20.35301500
20.35301500
20.35301500
19.89568700
19.89568700
20.26262000
20.26262000
20.26262000
20.26262000
20.26262000
19.80832200
19.80832200
19.78529400
20.15010600
20.10819100
20.10819100
20.10819100
19.71065500
19.71065500
20.05819600
20.05819600
20.05819600
20.05819600
20.05819600
19.73883400
19.73883400
20.15505500
20.15505500
20.15505500
20.15505500
20.15505500
19.91629100
19.91629100
20.42189700
20.42189700
20.42189700
20.42189700
20.42189700
20.24282400
20.24282400
20.82054400
20.82054400
20.82054400
20.82054400
21.01123200
20.71540300
20.71540300
21.42351400
21.42351400
21.42351400
21.42351400
21.42351400
21.24807700
21.24807700
22.01527300
22.01527300
22.01527300
22.01527300
22.01527300
21.80064800
21.80064800
22.62450500
22.62450500
22.62450500
22.62450500
22.62450500
22.37321700
22.37321700
23.25141200
23.25141200
23.25141200
23.25141200
23.25141200
22.96568300
22.96568300
23.89094400
23.89094400
23.89094400
23.89094400
23.89094400
23.55764400
23.55764400
24.49078300
24.49078300
24.49078300
24.49078300
24.49078300
24.10546800
24.10546800
25.02931500
25.02931500
25.02931500
25.02931500
25.02931500
24.60753900
24.60753900
25.50623700
25.50623700
25.50623700
25.50623700
25.50623700
25.06375600
25.06375600
25.83903200
25.83903200
25.97740200
25.97740200
25.97740200
25.47401800
25.47401800
26.28615900
26.28615900
26.28615900
26.28615900
26.28615900
25.83701200
25.83701200
26.60814700
26.60814700
26.60814700
26.60814700
26.60814700
26.15253600
26.15253600
26.88822000
26.88822000
26.88822000
26.88822000
26.88822000
26.42059000
26.42059000
26.47199900
26.50502600
26.53704300
26.56805000
26.59814800 ]
