DISCOUNT_FACTOR_ARRAY : [ 0.99358233
0.99358233
0.99358233
0.99358233
0.99358233
0.99358233
0.99358233
0.99358233
0.99358233
0.99358233
0.99358233
0.99358233
0.99358233
0.99358233
0.99358233
0.99358233
0.99358233
0.99358233
0.99358233
0.99358233
0.99358233
0.99358233
0.99358233
0.99358233
0.99358233
0.99358233
0.99358233
0.99358233
0.99358233
0.99358233
0.99358233
0.98977862
0.98977862
0.98977862
0.98977862
0.98977862
0.98977862
0.98977862
0.98977862
0.98977862
0.98977862
0.98977862
0.98977862
0.98977862
0.98977862
0.98977862
0.98977862
0.98977862
0.98977862
0.98977862
0.98977862
0.98977862
0.98977862
0.98977862
0.98977862
0.98977862
0.98977862
0.98977862
0.98977862
0.98571939
0.98571939
0.98571939
0.98571939
0.98571939
0.98571939
0.98571939
0.98571939
0.98571939
0.98571939
0.98571939
0.98571939
0.98571939
0.98571939
0.98571939
0.98571939
0.98571939
0.98571939
0.98571939
0.98571939
0.98571939
0.98571939
0.98571939
0.98571939
0.98571939
0.98571939
0.98571939
0.98571939
0.98571939
0.98571939
0.98571939
0.98167680
0.98167680
0.98167680
0.98167680
0.98167680
0.98167680
0.98167680
0.98167680
0.98167680
0.98167680
0.98167680
0.98167680
0.98167680
0.98167680
0.98167680
0.98167680
0.98167680
0.98167680
0.98167680
0.98167680
0.98167680
0.98167680
0.98167680
0.98167680
0.98167680
0.98167680
0.98167680
0.98167680
0.98167680
0.98167680
0.97751687
0.97751687
0.97751687
0.97751687
0.97751687
0.97751687
0.97751687
0.97751687
0.97751687
0.97751687
0.97751687
0.97751687
0.97751687
0.97751687
0.97751687
0.97751687
0.97751687
0.97751687
0.97751687
0.97751687
0.97751687
0.97751687
0.97751687
0.97751687
0.97751687
0.97751687
0.97751687
0.97751687
0.97751687
0.97751687
0.97751687
0.97350792
0.97350792
0.97350792
0.97350792
0.97350792
0.97350792
0.97350792
0.97350792
0.97350792
0.97350792
0.97350792
0.97350792
0.97350792
0.97350792
0.97350792
0.97350792
0.97350792
0.97350792
0.97350792
0.97350792
0.97350792
0.97350792
0.97350792
0.97350792
0.97350792
0.97350792
0.97350792
0.97350792
0.97350792
0.97350792
0.96911707
0.96911707
0.96911707
0.96911707
0.96911707
0.96911707
0.96911707
0.96911707
0.96911707
0.96911707
0.96911707
0.96911707
0.96911707
0.96911707
0.96911707
0.96911707
0.96911707
0.96911707
0.96911707
0.96911707
0.96911707
0.96911707
0.96911707
0.96911707
0.96911707
0.96911707
0.96911707
0.96911707
0.96911707
0.96911707
0.96911707
0.96527479
0.96527479
0.96527479
0.96527479
0.96527479
0.96527479
0.96527479
0.96527479
0.96527479
0.96527479
0.96527479
0.96527479
0.96527479
0.96527479
0.96527479
0.96527479
0.96527479
0.96527479
0.96527479
0.96527479
0.96527479
0.96527479
0.96527479
0.96527479
0.96527479
0.96527479
0.96527479
0.96527479
0.96527479
0.96527479
0.96527479
0.96131604
0.96131604
0.96131604
0.96131604
0.96131604
0.96131604
0.96131604
0.96131604
0.96131604
0.96131604
0.96131604
0.96131604
0.96131604
0.96131604
0.96131604
0.96131604
0.96131604
0.96131604
0.96131604
0.96131604
0.96131604
0.96131604
0.96131604
0.96131604
0.96131604
0.96131604
0.96131604
0.96131604
0.96131604
0.96131604
0.95711128
0.95711128
0.95711128
0.95711128
0.95711128
0.95711128
0.95711128
0.95711128
0.95711128
0.95711128
0.95711128
0.95711128
0.95711128
0.95711128
0.95711128
0.95711128
0.95711128
0.95711128
0.95711128
0.95711128
0.95711128
0.95711128
0.95711128
0.95711128
0.95711128
0.95711128
0.95711128
0.95711128
0.95711128
0.95711128
0.95711128
0.95331660
0.95331660
0.95331660
0.95331660
0.95331660
0.95331660
0.95331660
0.95331660
0.95331660
0.95331660
0.95331660
0.95331660
0.95331660
0.95331660
0.95331660
0.95331660
0.95331660
0.95331660
0.95331660
0.95331660
0.95331660
0.95331660
0.95331660
0.95331660
0.95331660
0.95331660
0.95331660
0.95331660
0.95331660
0.95331660
0.94927685
0.94927685
0.94927685
0.94927685
0.94927685
0.94927685
0.94927685
0.94927685
0.94927685
0.94927685
0.94927685
0.94927685
0.94927685
0.94927685
0.94927685
0.94927685
0.94927685
0.94927685
0.94927685
0.94927685
0.94927685
0.94927685
0.94927685
0.94927685
0.94927685
0.94927685
0.94927685
0.94927685
0.94927685
0.94927685
0.94927685
0.94525422
0.94525422
0.94525422
0.94525422
0.94525422
0.94525422
0.94525422
0.94525422
0.94525422
0.94525422
0.94525422
0.94525422
0.94525422
0.94525422
0.94525422
0.94525422
0.94525422
0.94525422
0.94525422
0.94525422
0.94525422
0.94525422
0.94525422
0.94525422
0.94525422
0.94525422
0.94525422
0.94525422
0.94525422
0.94525422
0.94525422
0.94163553
0.94163553
0.94163553
0.94163553
0.94163553
0.94163553
0.94163553
0.94163553
0.94163553
0.94163553
0.94163553
0.94163553
0.94163553
0.94163553
0.94163553
0.94163553
0.94163553
0.94163553
0.94163553
0.94163553
0.94163553
0.94163553
0.94163553
0.94163553
0.94163553
0.94163553
0.94163553
0.94163553
0.93764529
0.93764529
0.93764529
0.93764529
0.93764529
0.93764529
0.93764529
0.93764529
0.93764529
0.93764529
0.93764529
0.93764529
0.93764529
0.93764529
0.93764529
0.93764529
0.93764529
0.93764529
0.93764529
0.93764529
0.93764529
0.93764529
0.93764529
0.93764529
0.93764529
0.93764529
0.93764529
0.93764529
0.93764529
0.93764529
0.93764529
0.93354406
0.93354406
0.93354406
0.93354406
0.93354406
0.93354406
0.93354406
0.93354406
0.93354406
0.93354406
0.93354406
0.93354406
0.93354406
0.93354406
0.93354406
0.93354406
0.93354406
0.93354406
0.93354406
0.93354406
0.93354406
0.93354406
0.93354406
0.93354406
0.93354406
0.93354406
0.93354406
0.93354406
0.93354406
0.93354406
0.92984281
0.92984281
0.92984281
0.92984281
0.92984281
0.92984281
0.92984281
0.92984281
0.92984281
0.92984281
0.92984281
0.92984281
0.92984281
0.92984281
0.92984281
0.92984281
0.92984281
0.92984281
0.92984281
0.92984281
0.92984281
0.92984281
0.92984281
0.92984281
0.92984281
0.92984281
0.92984281
0.92984281
0.92984281
0.92984281
0.92984281
0.92602938
0.92602938
0.92602938
0.92602938
0.92602938
0.92602938
0.92602938
0.92602938
0.92602938
0.92602938
0.92602938
0.92602938
0.92602938
0.92602938
0.92602938
0.92602938
0.92602938
0.92602938
0.92602938
0.92602938
0.92602938
0.92602938
0.92602938
0.92602938
0.92602938
0.92602938
0.92602938
0.92602938
0.92602938
0.92602938
0.92197896
0.92197896
0.92197896
0.92197896
0.92197896
0.92197896
0.92197896
0.92197896
0.92197896
0.92197896
0.92197896
0.92197896
0.92197896
0.92197896
0.92197896
0.92197896
0.92197896
0.92197896
0.92197896
0.92197896
0.92197896
0.92197896
0.92197896
0.92197896
0.92197896
0.92197896
0.92197896
0.92197896
0.92197896
0.92197896
0.92197896
0.91819778
0.91819778
0.91819778
0.91819778
0.91819778
0.91819778
0.91819778
0.91819778
0.91819778
0.91819778
0.91819778
0.91819778
0.91819778
0.91819778
0.91819778
0.91819778
0.91819778
0.91819778
0.91819778
0.91819778
0.91819778
0.91819778
0.91819778
0.91819778
0.91819778
0.91819778
0.91819778
0.91819778
0.91819778
0.91819778
0.91819778
0.91443211
0.91443211
0.91443211
0.91443211
0.91443211
0.91443211
0.91443211
0.91443211
0.91443211
0.91443211
0.91443211
0.91443211
0.91443211
0.91443211
0.91443211
0.91443211
0.91443211
0.91443211
0.91443211
0.91443211
0.91443211
0.91443211
0.91443211
0.91443211
0.91443211
0.91443211
0.91443211
0.91443211
0.91443211
0.91443211
0.91055714
0.91055714
0.91055714
0.91055714
0.91055714
0.91055714
0.91055714
0.91055714
0.91055714
0.91055714
0.91055714
0.91055714
0.91055714
0.91055714
0.91055714
0.91055714
0.91055714
0.91055714
0.91055714
0.91055714
0.91055714
0.91055714
0.91055714
0.91055714
0.91055714
0.91055714
0.91055714
0.91055714
0.91055714
0.91055714
0.91055714
0.90682280
0.90682280
0.90682280
0.90682280
0.90682280
0.90682280
0.90682280
0.90682280
0.90682280
0.90682280
0.90682280
0.90682280
0.90682280
0.90682280
0.90682280
0.90682280
0.90682280
0.90682280
0.90682280
0.90682280
0.90682280
0.90682280
0.90682280
0.90682280
0.90682280
0.90682280
0.90682280
0.90682280
0.90682280
0.90682280
0.90273271
0.90273271
0.90273271
0.90273271
0.90273271
0.90273271
0.90273271
0.90273271
0.90273271
0.90273271
0.90273271
0.90273271
0.90273271
0.90273271
0.90273271
0.90273271
0.90273271
0.90273271
0.90273271
0.90273271
0.90273271
0.90273271
0.90273271
0.90273271
0.90273271
0.90273271
0.90273271
0.90273271
0.90273271
0.90273271
0.90273271 ]
