CONSTRAINT_COEFF_ARRAY : [ [ 0 0 287.50211401 1 1 ]
[ 1 1 287.50211401 1 1 ]
[ 2 2 287.50211401 1 1 ]
[ 3 3 287.50211401 1 1 ]
[ 4 4 287.50211401 1 1 ]
[ 5 5 287.50211401 1 1 ]
[ 6 6 287.50211401 1 1 ]
[ 7 7 287.50211401 1 1 ]
[ 8 8 287.50211401 1 1 ]
[ 9 9 287.50211401 1 1 ]
[ 10 10 287.50211401 1 1 ]
[ 11 11 287.50211401 1 1 ]
[ 12 12 287.50211401 1 1 ]
[ 13 13 287.50211401 1 1 ]
[ 14 14 287.50211401 1 1 ]
[ 15 15 287.50211401 1 1 ]
[ 16 16 287.50211401 1 1 ]
[ 17 17 287.50211401 1 1 ]
[ 18 18 287.50211401 1 1 ]
[ 19 19 287.50211401 1 1 ]
[ 20 20 287.50211401 1 1 ]
[ 21 21 287.50211401 1 1 ]
[ 22 22 287.50211401 1 1 ]
[ 23 23 287.50211401 1 1 ]
[ 24 24 287.50211401 1 1 ]
[ 25 25 287.50211401 1 1 ]
[ 26 26 287.50211401 1 1 ]
[ 27 27 287.50211401 1 1 ]
[ 28 28 287.50211401 1 1 ]
[ 29 29 287.50211401 1 1 ]
[ 30 30 287.50211401 1 1 ]
[ 31 31 287.50211401 1 1 ]
[ 32 32 287.50211401 1 1 ]
[ 33 33 287.50211401 1 1 ]
[ 34 34 287.50211401 1 1 ]
[ 35 35 287.50211401 1 1 ]
[ 36 36 287.50211401 1 1 ]
[ 37 37 287.50211401 1 1 ]
[ 38 38 287.50211401 1 1 ]
[ 39 39 287.50211401 1 1 ]
[ 40 40 287.50211401 1 1 ]
[ 41 41 287.50211401 1 1 ]
[ 42 42 287.50211401 1 1 ]
[ 43 43 287.50211401 1 1 ]
[ 44 44 287.50211401 1 1 ]
[ 45 45 287.50211401 1 1 ]
[ 46 46 287.50211401 1 1 ]
[ 47 47 287.50211401 1 1 ]
[ 48 48 287.50211401 1 1 ]
[ 49 49 287.50211401 1 1 ]
[ 50 50 287.50211401 1 1 ]
[ 51 51 287.50211401 1 1 ]
[ 52 52 287.50211401 1 1 ]
[ 53 53 287.50211401 1 1 ]
[ 54 54 287.50211401 1 1 ]
[ 55 55 287.50211401 1 1 ]
[ 56 56 287.50211401 1 1 ]
[ 57 57 287.50211401 1 1 ]
[ 58 58 287.50211401 1 1 ]
[ 59 59 287.50211401 1 1 ]
[ 60 60 287.50211401 1 1 ]
[ 61 61 287.50211401 1 1 ]
[ 62 62 287.50211401 1 1 ]
[ 63 63 287.50211401 1 1 ]
[ 64 64 287.50211401 1 1 ]
[ 65 65 287.50211401 1 1 ]
[ 66 66 287.50211401 1 1 ]
[ 67 67 287.50211401 1 1 ]
[ 68 68 287.50211401 1 1 ]
[ 69 69 287.50211401 1 1 ]
[ 70 70 287.50211401 1 1 ]
[ 71 71 287.50211401 1 1 ]
[ 72 72 287.50211401 1 1 ]
[ 73 73 287.50211401 1 1 ]
[ 74 74 287.50211401 1 1 ]
[ 75 75 287.50211401 1 1 ]
[ 76 76 287.50211401 1 1 ]
[ 77 77 287.50211401 1 1 ]
[ 78 78 287.50211401 1 1 ]
[ 79 79 287.50211401 1 1 ]
[ 80 80 287.50211401 1 1 ]
[ 81 81 287.50211401 1 1 ]
[ 82 82 287.50211401 1 1 ]
[ 83 83 287.50211401 1 1 ]
[ 84 84 287.50211401 1 1 ]
[ 85 85 287.50211401 1 1 ]
[ 86 86 287.50211401 1 1 ]
[ 87 87 287.50211401 1 1 ]
[ 88 88 287.50211401 1 1 ]
[ 89 89 287.50211401 1 1 ]
[ 90 90 287.50211401 1 1 ]
[ 91 91 287.50211401 1 1 ]
[ 92 92 287.50211401 1 1 ]
[ 93 93 287.50211401 1 1 ]
[ 94 94 287.50211401 1 1 ]
[ 95 95 287.50211401 1 1 ]
[ 96 96 287.50211401 1 1 ]
[ 97 97 287.50211401 1 1 ]
[ 98 98 287.50211401 1 1 ]
[ 99 99 287.50211401 1 1 ]
[ 100 100 287.50211401 1 1 ]
[ 101 101 287.50211401 1 1 ]
[ 102 102 287.50211401 1 1 ]
[ 103 103 287.50211401 1 1 ]
[ 104 104 287.50211401 1 1 ]
[ 105 105 287.50211401 1 1 ]
[ 106 106 287.50211401 1 1 ]
[ 107 107 287.50211401 1 1 ]
[ 108 108 287.50211401 1 1 ]
[ 109 109 287.50211401 1 1 ]
[ 110 110 287.50211401 1 1 ]
[ 111 111 287.50211401 1 1 ]
[ 112 112 287.50211401 1 1 ]
[ 113 113 287.50211401 1 1 ]
[ 114 114 287.50211401 1 1 ]
[ 115 115 287.50211401 1 1 ]
[ 116 116 287.50211401 1 1 ]
[ 117 117 287.50211401 1 1 ]
[ 118 118 287.50211401 1 1 ]
[ 119 119 287.50211401 1 1 ]
[ 120 120 287.50211401 1 1 ]
[ 121 121 287.50211401 1 1 ]
[ 122 122 287.50211401 1 1 ]
[ 123 123 287.50211401 1 1 ]
[ 124 124 287.50211401 1 1 ]
[ 125 125 287.50211401 1 1 ]
[ 126 126 287.50211401 1 1 ]
[ 127 127 287.50211401 1 1 ]
[ 128 128 287.50211401 1 1 ]
[ 129 129 287.50211401 1 1 ]
[ 130 130 287.50211401 1 1 ]
[ 131 131 287.50211401 1 1 ]
[ 132 132 287.50211401 1 1 ]
[ 133 133 287.50211401 1 1 ]
[ 134 134 287.50211401 1 1 ]
[ 135 135 287.50211401 1 1 ]
[ 136 136 287.50211401 1 1 ]
[ 137 137 287.50211401 1 1 ]
[ 138 138 287.50211401 1 1 ]
[ 139 139 287.50211401 1 1 ]
[ 140 140 287.50211401 1 1 ]
[ 141 141 287.50211401 1 1 ]
[ 142 142 287.50211401 1 1 ]
[ 143 143 287.50211401 1 1 ]
[ 144 144 287.50211401 1 1 ]
[ 145 145 287.50211401 1 1 ]
[ 146 146 287.50211401 1 1 ]
[ 147 147 287.50211401 1 1 ]
[ 148 148 287.50211401 1 1 ]
[ 149 149 287.50211401 1 1 ]
[ 150 150 287.50211401 1 1 ]
[ 151 151 287.50211401 1 1 ]
[ 152 152 287.50211401 1 1 ]
[ 153 153 287.50211401 1 1 ]
[ 154 154 287.50211401 1 1 ]
[ 155 155 287.50211401 1 1 ]
[ 156 156 287.50211401 1 1 ]
[ 157 157 287.50211401 1 1 ]
[ 158 158 287.50211401 1 1 ]
[ 159 159 287.50211401 1 1 ]
[ 160 160 287.50211401 1 1 ]
[ 161 161 287.50211401 1 1 ]
[ 162 162 287.50211401 1 1 ]
[ 163 163 287.50211401 1 1 ]
[ 164 164 287.50211401 1 1 ]
[ 165 165 287.50211401 1 1 ]
[ 166 166 287.50211401 1 1 ]
[ 167 167 287.50211401 1 1 ]
[ 168 168 287.50211401 1 1 ]
[ 169 169 287.50211401 1 1 ]
[ 170 170 287.50211401 1 1 ]
[ 171 171 287.50211401 1 1 ]
[ 172 172 287.50211401 1 1 ]
[ 173 173 287.50211401 1 1 ]
[ 174 174 287.50211401 1 1 ]
[ 175 175 287.50211401 1 1 ]
[ 176 176 287.50211401 1 1 ]
[ 177 177 287.50211401 1 1 ]
[ 178 178 287.50211401 1 1 ]
[ 179 179 287.50211401 1 1 ]
[ 180 180 287.50211401 1 1 ]
[ 181 181 287.50211401 1 1 ]
[ 182 182 287.50211401 1 1 ]
[ 183 183 287.50211401 1 1 ]
[ 184 184 287.50211401 1 1 ]
[ 185 185 287.50211401 1 1 ]
[ 186 186 287.50211401 1 1 ]
[ 187 187 287.50211401 1 1 ]
[ 188 188 287.50211401 1 1 ]
[ 189 189 287.50211401 1 1 ]
[ 190 190 287.50211401 1 1 ]
[ 191 191 287.50211401 1 1 ]
[ 192 192 287.50211401 1 1 ]
[ 193 193 287.50211401 1 1 ]
[ 194 194 287.50211401 1 1 ]
[ 195 195 287.50211401 1 1 ]
[ 196 196 287.50211401 1 1 ]
[ 197 197 287.50211401 1 1 ]
[ 198 198 287.50211401 1 1 ]
[ 199 199 287.50211401 1 1 ]
[ 200 200 287.50211401 1 1 ]
[ 201 201 287.50211401 1 1 ]
[ 202 202 287.50211401 1 1 ]
[ 203 203 287.50211401 1 1 ]
[ 204 204 287.50211401 1 1 ]
[ 205 205 287.50211401 1 1 ]
[ 206 206 287.50211401 1 1 ]
[ 207 207 287.50211401 1 1 ]
[ 208 208 287.50211401 1 1 ]
[ 209 209 287.50211401 1 1 ]
[ 210 210 287.50211401 1 1 ]
[ 211 211 287.50211401 1 1 ]
[ 212 212 287.50211401 1 1 ]
[ 213 213 287.50211401 1 1 ]
[ 214 214 287.50211401 1 1 ]
[ 215 215 287.50211401 1 1 ]
[ 216 216 287.50211401 1 1 ]
[ 217 217 287.50211401 1 1 ]
[ 218 218 287.50211401 1 1 ]
[ 219 219 287.50211401 1 1 ]
[ 220 220 287.50211401 1 1 ]
[ 221 221 287.50211401 1 1 ]
[ 222 222 287.50211401 1 1 ]
[ 223 223 287.50211401 1 1 ]
[ 224 224 287.50211401 1 1 ]
[ 225 225 287.50211401 1 1 ]
[ 226 226 287.50211401 1 1 ]
[ 227 227 287.50211401 1 1 ]
[ 228 228 287.50211401 1 1 ]
[ 229 229 287.50211401 1 1 ]
[ 230 230 287.50211401 1 1 ]
[ 231 231 287.50211401 1 1 ]
[ 232 232 287.50211401 1 1 ]
[ 233 233 287.50211401 1 1 ]
[ 234 234 287.50211401 1 1 ]
[ 235 235 287.50211401 1 1 ]
[ 236 236 287.50211401 1 1 ]
[ 237 237 287.50211401 1 1 ]
[ 238 238 287.50211401 1 1 ]
[ 239 239 287.50211401 1 1 ]
[ 240 240 287.50211401 1 1 ]
[ 241 241 287.50211401 1 1 ]
[ 242 242 287.50211401 1 1 ]
[ 243 243 287.50211401 1 1 ]
[ 244 244 287.50211401 1 1 ]
[ 245 245 287.50211401 1 1 ]
[ 246 246 287.50211401 1 1 ]
[ 247 247 287.50211401 1 1 ]
[ 248 248 287.50211401 1 1 ]
[ 249 249 287.50211401 1 1 ]
[ 250 250 287.50211401 1 1 ]
[ 251 251 287.50211401 1 1 ]
[ 252 252 287.50211401 1 1 ]
[ 253 253 287.50211401 1 1 ]
[ 254 254 287.50211401 1 1 ]
[ 255 255 287.50211401 1 1 ]
[ 256 256 287.50211401 1 1 ]
[ 257 257 287.50211401 1 1 ]
[ 258 258 287.50211401 1 1 ]
[ 259 259 287.50211401 1 1 ]
[ 260 260 287.50211401 1 1 ]
[ 261 261 287.50211401 1 1 ]
[ 262 262 287.50211401 1 1 ]
[ 263 263 287.50211401 1 1 ]
[ 264 264 287.50211401 1 1 ]
[ 265 265 287.50211401 1 1 ]
[ 266 266 287.50211401 1 1 ]
[ 267 267 287.50211401 1 1 ]
[ 268 268 287.50211401 1 1 ]
[ 269 269 287.50211401 1 1 ]
[ 270 270 287.50211401 1 1 ]
[ 271 271 287.50211401 1 1 ]
[ 272 272 287.50211401 1 1 ]
[ 273 273 287.50211401 1 1 ]
[ 274 274 287.50211401 1 1 ]
[ 275 275 287.50211401 1 1 ]
[ 276 276 287.50211401 1 1 ]
[ 277 277 287.50211401 1 1 ]
[ 278 278 287.50211401 1 1 ]
[ 279 279 287.50211401 1 1 ]
[ 280 280 287.50211401 1 1 ]
[ 281 281 287.50211401 1 1 ]
[ 282 282 287.50211401 1 1 ]
[ 283 283 287.50211401 1 1 ]
[ 284 284 287.50211401 1 1 ]
[ 285 285 287.50211401 1 1 ]
[ 286 286 287.50211401 1 1 ]
[ 287 287 287.50211401 1 1 ]
[ 288 288 287.50211401 1 1 ]
[ 289 289 287.50211401 1 1 ]
[ 290 290 287.50211401 1 1 ]
[ 291 291 287.50211401 1 1 ]
[ 292 292 287.50211401 1 1 ]
[ 293 293 287.50211401 1 1 ]
[ 294 294 287.50211401 1 1 ]
[ 295 295 287.50211401 1 1 ]
[ 296 296 287.50211401 1 1 ]
[ 297 297 287.50211401 1 1 ]
[ 298 298 287.50211401 1 1 ]
[ 299 299 287.50211401 1 1 ]
[ 300 300 287.50211401 1 1 ]
[ 301 301 287.50211401 1 1 ]
[ 302 302 287.50211401 1 1 ]
[ 303 303 287.50211401 1 1 ]
[ 304 304 287.50211401 1 1 ]
[ 305 305 287.50211401 1 1 ]
[ 306 306 287.50211401 1 1 ]
[ 307 307 287.50211401 1 1 ]
[ 308 308 287.50211401 1 1 ]
[ 309 309 287.50211401 1 1 ]
[ 310 310 287.50211401 1 1 ]
[ 311 311 287.50211401 1 1 ]
[ 312 312 287.50211401 1 1 ]
[ 313 313 287.50211401 1 1 ]
[ 314 314 287.50211401 1 1 ]
[ 315 315 287.50211401 1 1 ]
[ 316 316 287.50211401 1 1 ]
[ 317 317 287.50211401 1 1 ]
[ 318 318 287.50211401 1 1 ]
[ 319 319 287.50211401 1 1 ]
[ 320 320 287.50211401 1 1 ]
[ 321 321 287.50211401 1 1 ]
[ 322 322 287.50211401 1 1 ]
[ 323 323 287.50211401 1 1 ]
[ 324 324 287.50211401 1 1 ]
[ 325 325 287.50211401 1 1 ]
[ 326 326 287.50211401 1 1 ]
[ 327 327 287.50211401 1 1 ]
[ 328 328 287.50211401 1 1 ]
[ 329 329 287.50211401 1 1 ]
[ 330 330 287.50211401 1 1 ]
[ 331 331 287.50211401 1 1 ]
[ 332 332 287.50211401 1 1 ]
[ 333 333 287.50211401 1 1 ]
[ 334 334 287.50211401 1 1 ]
[ 335 335 287.50211401 1 1 ]
[ 336 336 287.50211401 1 1 ]
[ 337 337 287.50211401 1 1 ]
[ 338 338 287.50211401 1 1 ]
[ 339 339 287.50211401 1 1 ]
[ 340 340 287.50211401 1 1 ]
[ 341 341 287.50211401 1 1 ]
[ 342 342 287.50211401 1 1 ]
[ 343 343 287.50211401 1 1 ]
[ 344 344 287.50211401 1 1 ]
[ 345 345 287.50211401 1 1 ]
[ 346 346 287.50211401 1 1 ]
[ 347 347 287.50211401 1 1 ]
[ 348 348 287.50211401 1 1 ]
[ 349 349 287.50211401 1 1 ]
[ 350 350 287.50211401 1 1 ]
[ 351 351 287.50211401 1 1 ]
[ 352 352 287.50211401 1 1 ]
[ 353 353 287.50211401 1 1 ]
[ 354 354 287.50211401 1 1 ]
[ 355 355 287.50211401 1 1 ]
[ 356 356 287.50211401 1 1 ]
[ 357 357 287.50211401 1 1 ]
[ 358 358 287.50211401 1 1 ]
[ 359 359 287.50211401 1 1 ]
[ 360 360 287.50211401 1 1 ]
[ 361 361 287.50211401 1 1 ]
[ 362 362 287.50211401 1 1 ]
[ 363 363 287.50211401 1 1 ]
[ 364 364 287.50211401 1 1 ]
[ 365 365 304.41400300 1 1 ]
[ 366 366 304.41400300 1 1 ]
[ 367 367 304.41400300 1 1 ]
[ 368 368 304.41400300 1 1 ]
[ 369 369 304.41400300 1 1 ]
[ 370 370 304.41400300 1 1 ]
[ 371 371 304.41400300 1 1 ]
[ 372 372 304.41400300 1 1 ]
[ 373 373 304.41400300 1 1 ]
[ 374 374 304.41400300 1 1 ]
[ 375 375 304.41400300 1 1 ]
[ 376 376 304.41400300 1 1 ]
[ 377 377 304.41400300 1 1 ]
[ 378 378 304.41400300 1 1 ]
[ 379 379 304.41400300 1 1 ]
[ 380 380 304.41400300 1 1 ]
[ 381 381 304.41400300 1 1 ]
[ 382 382 304.41400300 1 1 ]
[ 383 383 304.41400300 1 1 ]
[ 384 384 304.41400300 1 1 ]
[ 385 385 304.41400300 1 1 ]
[ 386 386 304.41400300 1 1 ]
[ 387 387 304.41400300 1 1 ]
[ 388 388 304.41400300 1 1 ]
[ 389 389 304.41400300 1 1 ]
[ 390 390 304.41400300 1 1 ]
[ 391 391 304.41400300 1 1 ]
[ 392 392 304.41400300 1 1 ]
[ 393 393 304.41400300 1 1 ]
[ 394 394 304.41400300 1 1 ]
[ 395 395 304.41400300 1 1 ]
[ 396 396 304.41400300 1 1 ]
[ 397 397 304.41400300 1 1 ]
[ 398 398 304.41400300 1 1 ]
[ 399 399 304.41400300 1 1 ]
[ 400 400 304.41400300 1 1 ]
[ 401 401 304.41400300 1 1 ]
[ 402 402 304.41400300 1 1 ]
[ 403 403 304.41400300 1 1 ]
[ 404 404 304.41400300 1 1 ]
[ 405 405 304.41400300 1 1 ]
[ 406 406 304.41400300 1 1 ]
[ 407 407 304.41400300 1 1 ]
[ 408 408 304.41400300 1 1 ]
[ 409 409 304.41400300 1 1 ]
[ 410 410 304.41400300 1 1 ]
[ 411 411 304.41400300 1 1 ]
[ 412 412 304.41400300 1 1 ]
[ 413 413 304.41400300 1 1 ]
[ 414 414 304.41400300 1 1 ]
[ 415 415 304.41400300 1 1 ]
[ 416 416 304.41400300 1 1 ]
[ 417 417 304.41400300 1 1 ]
[ 418 418 304.41400300 1 1 ]
[ 419 419 304.41400300 1 1 ]
[ 420 420 304.41400300 1 1 ]
[ 421 421 304.41400300 1 1 ]
[ 422 422 304.41400300 1 1 ]
[ 423 423 304.41400300 1 1 ]
[ 424 424 304.41400300 1 1 ]
[ 425 425 304.41400300 1 1 ]
[ 426 426 304.41400300 1 1 ]
[ 427 427 304.41400300 1 1 ]
[ 428 428 304.41400300 1 1 ]
[ 429 429 304.41400300 1 1 ]
[ 430 430 304.41400300 1 1 ]
[ 431 431 304.41400300 1 1 ]
[ 432 432 304.41400300 1 1 ]
[ 433 433 304.41400300 1 1 ]
[ 434 434 304.41400300 1 1 ]
[ 435 435 304.41400300 1 1 ]
[ 436 436 304.41400300 1 1 ]
[ 437 437 304.41400300 1 1 ]
[ 438 438 304.41400300 1 1 ]
[ 439 439 304.41400300 1 1 ]
[ 440 440 304.41400300 1 1 ]
[ 441 441 304.41400300 1 1 ]
[ 442 442 304.41400300 1 1 ]
[ 443 443 304.41400300 1 1 ]
[ 444 444 304.41400300 1 1 ]
[ 445 445 304.41400300 1 1 ]
[ 446 446 304.41400300 1 1 ]
[ 447 447 304.41400300 1 1 ]
[ 448 448 304.41400300 1 1 ]
[ 449 449 304.41400300 1 1 ]
[ 450 450 304.41400300 1 1 ]
[ 451 451 304.41400300 1 1 ]
[ 452 452 304.41400300 1 1 ]
[ 453 453 304.41400300 1 1 ]
[ 454 454 304.41400300 1 1 ]
[ 455 455 304.41400300 1 1 ]
[ 456 456 304.41400300 1 1 ]
[ 457 457 304.41400300 1 1 ]
[ 458 458 304.41400300 1 1 ]
[ 459 459 304.41400300 1 1 ]
[ 460 460 304.41400300 1 1 ]
[ 461 461 304.41400300 1 1 ]
[ 462 462 304.41400300 1 1 ]
[ 463 463 304.41400300 1 1 ]
[ 464 464 304.41400300 1 1 ]
[ 465 465 304.41400300 1 1 ]
[ 466 466 304.41400300 1 1 ]
[ 467 467 304.41400300 1 1 ]
[ 468 468 304.41400300 1 1 ]
[ 469 469 304.41400300 1 1 ]
[ 470 470 304.41400300 1 1 ]
[ 471 471 304.41400300 1 1 ]
[ 472 472 304.41400300 1 1 ]
[ 473 473 304.41400300 1 1 ]
[ 474 474 304.41400300 1 1 ]
[ 475 475 304.41400300 1 1 ]
[ 476 476 304.41400300 1 1 ]
[ 477 477 304.41400300 1 1 ]
[ 478 478 304.41400300 1 1 ]
[ 479 479 304.41400300 1 1 ]
[ 480 480 304.41400300 1 1 ]
[ 481 481 304.41400300 1 1 ]
[ 482 482 304.41400300 1 1 ]
[ 483 483 304.41400300 1 1 ]
[ 484 484 304.41400300 1 1 ]
[ 485 485 304.41400300 1 1 ]
[ 486 486 304.41400300 1 1 ]
[ 487 487 304.41400300 1 1 ]
[ 488 488 304.41400300 1 1 ]
[ 489 489 304.41400300 1 1 ]
[ 490 490 304.41400300 1 1 ]
[ 491 491 304.41400300 1 1 ]
[ 492 492 304.41400300 1 1 ]
[ 493 493 304.41400300 1 1 ]
[ 494 494 304.41400300 1 1 ]
[ 495 495 304.41400300 1 1 ]
[ 496 496 304.41400300 1 1 ]
[ 497 497 304.41400300 1 1 ]
[ 498 498 304.41400300 1 1 ]
[ 499 499 304.41400300 1 1 ]
[ 500 500 304.41400300 1 1 ]
[ 501 501 304.41400300 1 1 ]
[ 502 502 304.41400300 1 1 ]
[ 503 503 304.41400300 1 1 ]
[ 504 504 304.41400300 1 1 ]
[ 505 505 304.41400300 1 1 ]
[ 506 506 304.41400300 1 1 ]
[ 507 507 304.41400300 1 1 ]
[ 508 508 304.41400300 1 1 ]
[ 509 509 304.41400300 1 1 ]
[ 510 510 304.41400300 1 1 ]
[ 511 511 304.41400300 1 1 ]
[ 512 512 304.41400300 1 1 ]
[ 513 513 304.41400300 1 1 ]
[ 514 514 304.41400300 1 1 ]
[ 515 515 304.41400300 1 1 ]
[ 516 516 304.41400300 1 1 ]
[ 517 517 304.41400300 1 1 ]
[ 518 518 304.41400300 1 1 ]
[ 519 519 304.41400300 1 1 ]
[ 520 520 304.41400300 1 1 ]
[ 521 521 304.41400300 1 1 ]
[ 522 522 304.41400300 1 1 ]
[ 523 523 304.41400300 1 1 ]
[ 524 524 304.41400300 1 1 ]
[ 525 525 304.41400300 1 1 ]
[ 526 526 304.41400300 1 1 ]
[ 527 527 304.41400300 1 1 ]
[ 528 528 304.41400300 1 1 ]
[ 529 529 304.41400300 1 1 ]
[ 530 530 304.41400300 1 1 ]
[ 531 531 304.41400300 1 1 ]
[ 532 532 304.41400300 1 1 ]
[ 533 533 304.41400300 1 1 ]
[ 534 534 304.41400300 1 1 ]
[ 535 535 304.41400300 1 1 ]
[ 536 536 304.41400300 1 1 ]
[ 537 537 304.41400300 1 1 ]
[ 538 538 304.41400300 1 1 ]
[ 539 539 304.41400300 1 1 ]
[ 540 540 304.41400300 1 1 ]
[ 541 541 304.41400300 1 1 ]
[ 542 542 304.41400300 1 1 ]
[ 543 543 304.41400300 1 1 ]
[ 544 544 304.41400300 1 1 ]
[ 545 545 304.41400300 1 1 ]
[ 546 546 304.41400300 1 1 ]
[ 547 547 304.41400300 1 1 ]
[ 548 548 304.41400300 1 1 ]
[ 549 549 304.41400300 1 1 ]
[ 550 550 304.41400300 1 1 ]
[ 551 551 304.41400300 1 1 ]
[ 552 552 304.41400300 1 1 ]
[ 553 553 304.41400300 1 1 ]
[ 554 554 304.41400300 1 1 ]
[ 555 555 304.41400300 1 1 ]
[ 556 556 304.41400300 1 1 ]
[ 557 557 304.41400300 1 1 ]
[ 558 558 304.41400300 1 1 ]
[ 559 559 304.41400300 1 1 ]
[ 560 560 304.41400300 1 1 ]
[ 561 561 304.41400300 1 1 ]
[ 562 562 304.41400300 1 1 ]
[ 563 563 304.41400300 1 1 ]
[ 564 564 304.41400300 1 1 ]
[ 565 565 304.41400300 1 1 ]
[ 566 566 304.41400300 1 1 ]
[ 567 567 304.41400300 1 1 ]
[ 568 568 304.41400300 1 1 ]
[ 569 569 304.41400300 1 1 ]
[ 570 570 304.41400300 1 1 ]
[ 571 571 304.41400300 1 1 ]
[ 572 572 304.41400300 1 1 ]
[ 573 573 304.41400300 1 1 ]
[ 574 574 304.41400300 1 1 ]
[ 575 575 304.41400300 1 1 ]
[ 576 576 304.41400300 1 1 ]
[ 577 577 304.41400300 1 1 ]
[ 578 578 304.41400300 1 1 ]
[ 579 579 304.41400300 1 1 ]
[ 580 580 304.41400300 1 1 ]
[ 581 581 304.41400300 1 1 ]
[ 582 582 304.41400300 1 1 ]
[ 583 583 304.41400300 1 1 ]
[ 584 584 304.41400300 1 1 ]
[ 585 585 304.41400300 1 1 ]
[ 586 586 304.41400300 1 1 ]
[ 587 587 304.41400300 1 1 ]
[ 588 588 304.41400300 1 1 ]
[ 589 589 304.41400300 1 1 ]
[ 590 590 304.41400300 1 1 ]
[ 591 591 304.41400300 1 1 ]
[ 592 592 304.41400300 1 1 ]
[ 593 593 304.41400300 1 1 ]
[ 594 594 304.41400300 1 1 ]
[ 595 595 304.41400300 1 1 ]
[ 596 596 304.41400300 1 1 ]
[ 597 597 304.41400300 1 1 ]
[ 598 598 304.41400300 1 1 ]
[ 599 599 304.41400300 1 1 ]
[ 600 600 304.41400300 1 1 ]
[ 601 601 304.41400300 1 1 ]
[ 602 602 304.41400300 1 1 ]
[ 603 603 304.41400300 1 1 ]
[ 604 604 304.41400300 1 1 ]
[ 605 605 304.41400300 1 1 ]
[ 606 606 304.41400300 1 1 ]
[ 607 607 304.41400300 1 1 ]
[ 608 608 304.41400300 1 1 ]
[ 609 609 304.41400300 1 1 ]
[ 610 610 304.41400300 1 1 ]
[ 611 611 304.41400300 1 1 ]
[ 612 612 304.41400300 1 1 ]
[ 613 613 304.41400300 1 1 ]
[ 614 614 304.41400300 1 1 ]
[ 615 615 304.41400300 1 1 ]
[ 616 616 304.41400300 1 1 ]
[ 617 617 304.41400300 1 1 ]
[ 618 618 304.41400300 1 1 ]
[ 619 619 304.41400300 1 1 ]
[ 620 620 304.41400300 1 1 ]
[ 621 621 304.41400300 1 1 ]
[ 622 622 304.41400300 1 1 ]
[ 623 623 304.41400300 1 1 ]
[ 624 624 304.41400300 1 1 ]
[ 625 625 304.41400300 1 1 ]
[ 626 626 304.41400300 1 1 ]
[ 627 627 304.41400300 1 1 ]
[ 628 628 304.41400300 1 1 ]
[ 629 629 304.41400300 1 1 ]
[ 630 630 304.41400300 1 1 ]
[ 631 631 304.41400300 1 1 ]
[ 632 632 304.41400300 1 1 ]
[ 633 633 304.41400300 1 1 ]
[ 634 634 304.41400300 1 1 ]
[ 635 635 304.41400300 1 1 ]
[ 636 636 304.41400300 1 1 ]
[ 637 637 304.41400300 1 1 ]
[ 638 638 304.41400300 1 1 ]
[ 639 639 304.41400300 1 1 ]
[ 640 640 304.41400300 1 1 ]
[ 641 641 304.41400300 1 1 ]
[ 642 642 304.41400300 1 1 ]
[ 643 643 304.41400300 1 1 ]
[ 644 644 304.41400300 1 1 ]
[ 645 645 304.41400300 1 1 ]
[ 646 646 304.41400300 1 1 ]
[ 647 647 304.41400300 1 1 ]
[ 648 648 304.41400300 1 1 ]
[ 649 649 304.41400300 1 1 ]
[ 650 650 304.41400300 1 1 ]
[ 651 651 304.41400300 1 1 ]
[ 652 652 304.41400300 1 1 ]
[ 653 653 304.41400300 1 1 ]
[ 654 654 304.41400300 1 1 ]
[ 655 655 304.41400300 1 1 ]
[ 656 656 304.41400300 1 1 ]
[ 657 657 304.41400300 1 1 ]
[ 658 658 304.41400300 1 1 ]
[ 659 659 304.41400300 1 1 ]
[ 660 660 304.41400300 1 1 ]
[ 661 661 304.41400300 1 1 ]
[ 662 662 304.41400300 1 1 ]
[ 663 663 304.41400300 1 1 ]
[ 664 664 304.41400300 1 1 ]
[ 665 665 304.41400300 1 1 ]
[ 666 666 304.41400300 1 1 ]
[ 667 667 304.41400300 1 1 ]
[ 668 668 304.41400300 1 1 ]
[ 669 669 304.41400300 1 1 ]
[ 670 670 304.41400300 1 1 ]
[ 671 671 304.41400300 1 1 ]
[ 672 672 304.41400300 1 1 ]
[ 673 673 304.41400300 1 1 ]
[ 674 674 304.41400300 1 1 ]
[ 675 675 304.41400300 1 1 ]
[ 676 676 304.41400300 1 1 ]
[ 677 677 304.41400300 1 1 ]
[ 678 678 304.41400300 1 1 ]
[ 679 679 304.41400300 1 1 ]
[ 680 680 304.41400300 1 1 ]
[ 681 681 304.41400300 1 1 ]
[ 682 682 304.41400300 1 1 ]
[ 683 683 304.41400300 1 1 ]
[ 684 684 304.41400300 1 1 ]
[ 685 685 304.41400300 1 1 ]
[ 686 686 304.41400300 1 1 ]
[ 687 687 304.41400300 1 1 ]
[ 688 688 304.41400300 1 1 ]
[ 689 689 304.41400300 1 1 ]
[ 690 690 304.41400300 1 1 ]
[ 691 691 304.41400300 1 1 ]
[ 692 692 304.41400300 1 1 ]
[ 693 693 304.41400300 1 1 ]
[ 694 694 304.41400300 1 1 ]
[ 695 695 304.41400300 1 1 ]
[ 696 696 304.41400300 1 1 ]
[ 697 697 304.41400300 1 1 ]
[ 698 698 304.41400300 1 1 ]
[ 699 699 304.41400300 1 1 ]
[ 700 700 304.41400300 1 1 ]
[ 701 701 304.41400300 1 1 ]
[ 702 702 304.41400300 1 1 ]
[ 703 703 304.41400300 1 1 ]
[ 704 704 304.41400300 1 1 ]
[ 705 705 304.41400300 1 1 ]
[ 706 706 304.41400300 1 1 ]
[ 707 707 304.41400300 1 1 ]
[ 708 708 304.41400300 1 1 ]
[ 709 709 304.41400300 1 1 ]
[ 710 710 304.41400300 1 1 ]
[ 711 711 304.41400300 1 1 ]
[ 712 712 304.41400300 1 1 ]
[ 713 713 304.41400300 1 1 ]
[ 714 714 304.41400300 1 1 ]
[ 715 715 304.41400300 1 1 ]
[ 716 716 304.41400300 1 1 ]
[ 717 717 304.41400300 1 1 ]
[ 718 718 304.41400300 1 1 ]
[ 719 719 304.41400300 1 1 ]
[ 720 720 304.41400300 1 1 ]
[ 721 721 304.41400300 1 1 ]
[ 722 722 304.41400300 1 1 ]
[ 723 723 304.41400300 1 1 ]
[ 724 724 304.41400300 1 1 ]
[ 725 725 304.41400300 1 1 ]
[ 726 726 304.41400300 1 1 ]
[ 727 727 304.41400300 1 1 ]
[ 728 728 304.41400300 1 1 ]
[ 729 729 304.41400300 1 1 ]
[ 0 0 60.71645416 0 1 ]
[ 1 1 60.71645416 0 1 ]
[ 2 2 60.71645416 0 1 ]
[ 3 3 60.71645416 0 1 ]
[ 4 4 60.71645416 0 1 ]
[ 5 5 60.71645416 0 1 ]
[ 6 6 60.71645416 0 1 ]
[ 7 7 60.71645416 0 1 ]
[ 8 8 60.71645416 0 1 ]
[ 9 9 60.71645416 0 1 ]
[ 10 10 60.71645416 0 1 ]
[ 11 11 60.71645416 0 1 ]
[ 12 12 60.71645416 0 1 ]
[ 13 13 60.71645416 0 1 ]
[ 14 14 60.71645416 0 1 ]
[ 15 15 60.71645416 0 1 ]
[ 16 16 60.71645416 0 1 ]
[ 17 17 60.71645416 0 1 ]
[ 18 18 60.71645416 0 1 ]
[ 19 19 60.71645416 0 1 ]
[ 20 20 60.71645416 0 1 ]
[ 21 21 60.71645416 0 1 ]
[ 22 22 60.71645416 0 1 ]
[ 23 23 60.71645416 0 1 ]
[ 24 24 60.71645416 0 1 ]
[ 25 25 60.71645416 0 1 ]
[ 26 26 60.71645416 0 1 ]
[ 27 27 60.71645416 0 1 ]
[ 28 28 60.71645416 0 1 ]
[ 29 29 60.71645416 0 1 ]
[ 30 30 60.71645416 0 1 ]
[ 31 31 60.71645416 0 1 ]
[ 32 32 60.71645416 0 1 ]
[ 33 33 60.71645416 0 1 ]
[ 34 34 60.71645416 0 1 ]
[ 35 35 60.71645416 0 1 ]
[ 36 36 60.71645416 0 1 ]
[ 37 37 60.71645416 0 1 ]
[ 38 38 60.71645416 0 1 ]
[ 39 39 60.71645416 0 1 ]
[ 40 40 60.71645416 0 1 ]
[ 41 41 60.71645416 0 1 ]
[ 42 42 60.71645416 0 1 ]
[ 43 43 60.71645416 0 1 ]
[ 44 44 60.71645416 0 1 ]
[ 45 45 60.71645416 0 1 ]
[ 46 46 60.71645416 0 1 ]
[ 47 47 60.71645416 0 1 ]
[ 48 48 60.71645416 0 1 ]
[ 49 49 60.71645416 0 1 ]
[ 50 50 60.71645416 0 1 ]
[ 51 51 60.71645416 0 1 ]
[ 52 52 60.71645416 0 1 ]
[ 53 53 60.71645416 0 1 ]
[ 54 54 60.71645416 0 1 ]
[ 55 55 60.71645416 0 1 ]
[ 56 56 60.71645416 0 1 ]
[ 57 57 60.71645416 0 1 ]
[ 58 58 60.71645416 0 1 ]
[ 59 59 60.71645416 0 1 ]
[ 60 60 60.71645416 0 1 ]
[ 61 61 60.71645416 0 1 ]
[ 62 62 60.71645416 0 1 ]
[ 63 63 60.71645416 0 1 ]
[ 64 64 60.71645416 0 1 ]
[ 65 65 60.71645416 0 1 ]
[ 66 66 60.71645416 0 1 ]
[ 67 67 60.71645416 0 1 ]
[ 68 68 60.71645416 0 1 ]
[ 69 69 60.71645416 0 1 ]
[ 70 70 60.71645416 0 1 ]
[ 71 71 60.71645416 0 1 ]
[ 72 72 60.71645416 0 1 ]
[ 73 73 60.71645416 0 1 ]
[ 74 74 60.71645416 0 1 ]
[ 75 75 60.71645416 0 1 ]
[ 76 76 60.71645416 0 1 ]
[ 77 77 60.71645416 0 1 ]
[ 78 78 60.71645416 0 1 ]
[ 79 79 60.71645416 0 1 ]
[ 80 80 60.71645416 0 1 ]
[ 81 81 60.71645416 0 1 ]
[ 82 82 60.71645416 0 1 ]
[ 83 83 60.71645416 0 1 ]
[ 84 84 60.71645416 0 1 ]
[ 85 85 60.71645416 0 1 ]
[ 86 86 60.71645416 0 1 ]
[ 87 87 60.71645416 0 1 ]
[ 88 88 60.71645416 0 1 ]
[ 89 89 60.71645416 0 1 ]
[ 90 90 60.71645416 0 1 ]
[ 91 91 60.71645416 0 1 ]
[ 92 92 60.71645416 0 1 ]
[ 93 93 60.71645416 0 1 ]
[ 94 94 60.71645416 0 1 ]
[ 95 95 60.71645416 0 1 ]
[ 96 96 60.71645416 0 1 ]
[ 97 97 60.71645416 0 1 ]
[ 98 98 60.71645416 0 1 ]
[ 99 99 60.71645416 0 1 ]
[ 100 100 60.71645416 0 1 ]
[ 101 101 60.71645416 0 1 ]
[ 102 102 60.71645416 0 1 ]
[ 103 103 60.71645416 0 1 ]
[ 104 104 60.71645416 0 1 ]
[ 105 105 60.71645416 0 1 ]
[ 106 106 60.71645416 0 1 ]
[ 107 107 60.71645416 0 1 ]
[ 108 108 60.71645416 0 1 ]
[ 109 109 60.71645416 0 1 ]
[ 110 110 60.71645416 0 1 ]
[ 111 111 60.71645416 0 1 ]
[ 112 112 60.71645416 0 1 ]
[ 113 113 60.71645416 0 1 ]
[ 114 114 60.71645416 0 1 ]
[ 115 115 60.71645416 0 1 ]
[ 116 116 60.71645416 0 1 ]
[ 117 117 60.71645416 0 1 ]
[ 118 118 60.71645416 0 1 ]
[ 119 119 60.71645416 0 1 ]
[ 120 120 60.71645416 0 1 ]
[ 121 121 60.71645416 0 1 ]
[ 122 122 60.71645416 0 1 ]
[ 123 123 60.71645416 0 1 ]
[ 124 124 60.71645416 0 1 ]
[ 125 125 60.71645416 0 1 ]
[ 126 126 60.71645416 0 1 ]
[ 127 127 60.71645416 0 1 ]
[ 128 128 60.71645416 0 1 ]
[ 129 129 60.71645416 0 1 ]
[ 130 130 60.71645416 0 1 ]
[ 131 131 60.71645416 0 1 ]
[ 132 132 60.71645416 0 1 ]
[ 133 133 60.71645416 0 1 ]
[ 134 134 60.71645416 0 1 ]
[ 135 135 60.71645416 0 1 ]
[ 136 136 60.71645416 0 1 ]
[ 137 137 60.71645416 0 1 ]
[ 138 138 60.71645416 0 1 ]
[ 139 139 60.71645416 0 1 ]
[ 140 140 60.71645416 0 1 ]
[ 141 141 60.71645416 0 1 ]
[ 142 142 60.71645416 0 1 ]
[ 143 143 60.71645416 0 1 ]
[ 144 144 60.71645416 0 1 ]
[ 145 145 60.71645416 0 1 ]
[ 146 146 60.71645416 0 1 ]
[ 147 147 60.71645416 0 1 ]
[ 148 148 60.71645416 0 1 ]
[ 149 149 60.71645416 0 1 ]
[ 150 150 60.71645416 0 1 ]
[ 151 151 60.71645416 0 1 ]
[ 152 152 60.71645416 0 1 ]
[ 153 153 60.71645416 0 1 ]
[ 154 154 60.71645416 0 1 ]
[ 155 155 60.71645416 0 1 ]
[ 156 156 60.71645416 0 1 ]
[ 157 157 60.71645416 0 1 ]
[ 158 158 60.71645416 0 1 ]
[ 159 159 60.71645416 0 1 ]
[ 160 160 60.71645416 0 1 ]
[ 161 161 60.71645416 0 1 ]
[ 162 162 60.71645416 0 1 ]
[ 163 163 60.71645416 0 1 ]
[ 164 164 60.71645416 0 1 ]
[ 165 165 60.71645416 0 1 ]
[ 166 166 60.71645416 0 1 ]
[ 167 167 60.71645416 0 1 ]
[ 168 168 60.71645416 0 1 ]
[ 169 169 60.71645416 0 1 ]
[ 170 170 60.71645416 0 1 ]
[ 171 171 60.71645416 0 1 ]
[ 172 172 60.71645416 0 1 ]
[ 173 173 60.71645416 0 1 ]
[ 174 174 60.71645416 0 1 ]
[ 175 175 60.71645416 0 1 ]
[ 176 176 60.71645416 0 1 ]
[ 177 177 60.71645416 0 1 ]
[ 178 178 60.71645416 0 1 ]
[ 179 179 60.71645416 0 1 ]
[ 180 180 60.71645416 0 1 ]
[ 181 181 60.71645416 0 1 ]
[ 182 182 60.71645416 0 1 ]
[ 183 183 60.71645416 0 1 ]
[ 184 184 60.71645416 0 1 ]
[ 185 185 60.71645416 0 1 ]
[ 186 186 60.71645416 0 1 ]
[ 187 187 60.71645416 0 1 ]
[ 188 188 60.71645416 0 1 ]
[ 189 189 60.71645416 0 1 ]
[ 190 190 60.71645416 0 1 ]
[ 191 191 60.71645416 0 1 ]
[ 192 192 60.71645416 0 1 ]
[ 193 193 60.71645416 0 1 ]
[ 194 194 60.71645416 0 1 ]
[ 195 195 60.71645416 0 1 ]
[ 196 196 60.71645416 0 1 ]
[ 197 197 60.71645416 0 1 ]
[ 198 198 60.71645416 0 1 ]
[ 199 199 60.71645416 0 1 ]
[ 200 200 60.71645416 0 1 ]
[ 201 201 60.71645416 0 1 ]
[ 202 202 60.71645416 0 1 ]
[ 203 203 60.71645416 0 1 ]
[ 204 204 60.71645416 0 1 ]
[ 205 205 60.71645416 0 1 ]
[ 206 206 60.71645416 0 1 ]
[ 207 207 60.71645416 0 1 ]
[ 208 208 60.71645416 0 1 ]
[ 209 209 60.71645416 0 1 ]
[ 210 210 60.71645416 0 1 ]
[ 211 211 60.71645416 0 1 ]
[ 212 212 60.71645416 0 1 ]
[ 213 213 60.71645416 0 1 ]
[ 214 214 60.71645416 0 1 ]
[ 215 215 60.71645416 0 1 ]
[ 216 216 60.71645416 0 1 ]
[ 217 217 60.71645416 0 1 ]
[ 218 218 60.71645416 0 1 ]
[ 219 219 60.71645416 0 1 ]
[ 220 220 60.71645416 0 1 ]
[ 221 221 60.71645416 0 1 ]
[ 222 222 60.71645416 0 1 ]
[ 223 223 60.71645416 0 1 ]
[ 224 224 60.71645416 0 1 ]
[ 225 225 60.71645416 0 1 ]
[ 226 226 60.71645416 0 1 ]
[ 227 227 60.71645416 0 1 ]
[ 228 228 60.71645416 0 1 ]
[ 229 229 60.71645416 0 1 ]
[ 230 230 60.71645416 0 1 ]
[ 231 231 60.71645416 0 1 ]
[ 232 232 60.71645416 0 1 ]
[ 233 233 60.71645416 0 1 ]
[ 234 234 60.71645416 0 1 ]
[ 235 235 60.71645416 0 1 ]
[ 236 236 60.71645416 0 1 ]
[ 237 237 60.71645416 0 1 ]
[ 238 238 60.71645416 0 1 ]
[ 239 239 60.71645416 0 1 ]
[ 240 240 60.71645416 0 1 ]
[ 241 241 60.71645416 0 1 ]
[ 242 242 60.71645416 0 1 ]
[ 243 243 60.71645416 0 1 ]
[ 244 244 60.71645416 0 1 ]
[ 245 245 60.71645416 0 1 ]
[ 246 246 60.71645416 0 1 ]
[ 247 247 60.71645416 0 1 ]
[ 248 248 60.71645416 0 1 ]
[ 249 249 60.71645416 0 1 ]
[ 250 250 60.71645416 0 1 ]
[ 251 251 60.71645416 0 1 ]
[ 252 252 60.71645416 0 1 ]
[ 253 253 60.71645416 0 1 ]
[ 254 254 60.71645416 0 1 ]
[ 255 255 60.71645416 0 1 ]
[ 256 256 60.71645416 0 1 ]
[ 257 257 60.71645416 0 1 ]
[ 258 258 60.71645416 0 1 ]
[ 259 259 60.71645416 0 1 ]
[ 260 260 60.71645416 0 1 ]
[ 261 261 60.71645416 0 1 ]
[ 262 262 60.71645416 0 1 ]
[ 263 263 60.71645416 0 1 ]
[ 264 264 60.71645416 0 1 ]
[ 265 265 60.71645416 0 1 ]
[ 266 266 60.71645416 0 1 ]
[ 267 267 60.71645416 0 1 ]
[ 268 268 60.71645416 0 1 ]
[ 269 269 60.71645416 0 1 ]
[ 270 270 60.71645416 0 1 ]
[ 271 271 60.71645416 0 1 ]
[ 272 272 60.71645416 0 1 ]
[ 273 273 60.71645416 0 1 ]
[ 274 274 60.71645416 0 1 ]
[ 275 275 60.71645416 0 1 ]
[ 276 276 60.71645416 0 1 ]
[ 277 277 60.71645416 0 1 ]
[ 278 278 60.71645416 0 1 ]
[ 279 279 60.71645416 0 1 ]
[ 280 280 60.71645416 0 1 ]
[ 281 281 60.71645416 0 1 ]
[ 282 282 60.71645416 0 1 ]
[ 283 283 60.71645416 0 1 ]
[ 284 284 60.71645416 0 1 ]
[ 285 285 60.71645416 0 1 ]
[ 286 286 60.71645416 0 1 ]
[ 287 287 60.71645416 0 1 ]
[ 288 288 60.71645416 0 1 ]
[ 289 289 60.71645416 0 1 ]
[ 290 290 60.71645416 0 1 ]
[ 291 291 60.71645416 0 1 ]
[ 292 292 60.71645416 0 1 ]
[ 293 293 60.71645416 0 1 ]
[ 294 294 60.71645416 0 1 ]
[ 295 295 60.71645416 0 1 ]
[ 296 296 60.71645416 0 1 ]
[ 297 297 60.71645416 0 1 ]
[ 298 298 60.71645416 0 1 ]
[ 299 299 60.71645416 0 1 ]
[ 300 300 60.71645416 0 1 ]
[ 301 301 60.71645416 0 1 ]
[ 302 302 60.71645416 0 1 ]
[ 303 303 60.71645416 0 1 ]
[ 304 304 60.71645416 0 1 ]
[ 305 305 60.71645416 0 1 ]
[ 306 306 60.71645416 0 1 ]
[ 307 307 60.71645416 0 1 ]
[ 308 308 60.71645416 0 1 ]
[ 309 309 60.71645416 0 1 ]
[ 310 310 60.71645416 0 1 ]
[ 311 311 60.71645416 0 1 ]
[ 312 312 60.71645416 0 1 ]
[ 313 313 60.71645416 0 1 ]
[ 314 314 60.71645416 0 1 ]
[ 315 315 60.71645416 0 1 ]
[ 316 316 60.71645416 0 1 ]
[ 317 317 60.71645416 0 1 ]
[ 318 318 60.71645416 0 1 ]
[ 319 319 60.71645416 0 1 ]
[ 320 320 60.71645416 0 1 ]
[ 321 321 60.71645416 0 1 ]
[ 322 322 60.71645416 0 1 ]
[ 323 323 60.71645416 0 1 ]
[ 324 324 60.71645416 0 1 ]
[ 325 325 60.71645416 0 1 ]
[ 326 326 60.71645416 0 1 ]
[ 327 327 60.71645416 0 1 ]
[ 328 328 60.71645416 0 1 ]
[ 329 329 60.71645416 0 1 ]
[ 330 330 60.71645416 0 1 ]
[ 331 331 60.71645416 0 1 ]
[ 332 332 60.71645416 0 1 ]
[ 333 333 60.71645416 0 1 ]
[ 334 334 60.71645416 0 1 ]
[ 335 335 60.71645416 0 1 ]
[ 336 336 60.71645416 0 1 ]
[ 337 337 60.71645416 0 1 ]
[ 338 338 60.71645416 0 1 ]
[ 339 339 60.71645416 0 1 ]
[ 340 340 60.71645416 0 1 ]
[ 341 341 60.71645416 0 1 ]
[ 342 342 60.71645416 0 1 ]
[ 343 343 60.71645416 0 1 ]
[ 344 344 60.71645416 0 1 ]
[ 345 345 60.71645416 0 1 ]
[ 346 346 60.71645416 0 1 ]
[ 347 347 60.71645416 0 1 ]
[ 348 348 60.71645416 0 1 ]
[ 349 349 60.71645416 0 1 ]
[ 350 350 60.71645416 0 1 ]
[ 351 351 60.71645416 0 1 ]
[ 352 352 60.71645416 0 1 ]
[ 353 353 60.71645416 0 1 ]
[ 354 354 60.71645416 0 1 ]
[ 355 355 60.71645416 0 1 ]
[ 356 356 60.71645416 0 1 ]
[ 357 357 60.71645416 0 1 ]
[ 358 358 60.71645416 0 1 ]
[ 359 359 60.71645416 0 1 ]
[ 360 360 60.71645416 0 1 ]
[ 361 361 60.71645416 0 1 ]
[ 362 362 60.71645416 0 1 ]
[ 363 363 60.71645416 0 1 ]
[ 364 364 60.71645416 0 1 ]
[ 365 365 64.28801028 0 1 ]
[ 366 366 64.28801028 0 1 ]
[ 367 367 64.28801028 0 1 ]
[ 368 368 64.28801028 0 1 ]
[ 369 369 64.28801028 0 1 ]
[ 370 370 64.28801028 0 1 ]
[ 371 371 64.28801028 0 1 ]
[ 372 372 64.28801028 0 1 ]
[ 373 373 64.28801028 0 1 ]
[ 374 374 64.28801028 0 1 ]
[ 375 375 64.28801028 0 1 ]
[ 376 376 64.28801028 0 1 ]
[ 377 377 64.28801028 0 1 ]
[ 378 378 64.28801028 0 1 ]
[ 379 379 64.28801028 0 1 ]
[ 380 380 64.28801028 0 1 ]
[ 381 381 64.28801028 0 1 ]
[ 382 382 64.28801028 0 1 ]
[ 383 383 64.28801028 0 1 ]
[ 384 384 64.28801028 0 1 ]
[ 385 385 64.28801028 0 1 ]
[ 386 386 64.28801028 0 1 ]
[ 387 387 64.28801028 0 1 ]
[ 388 388 64.28801028 0 1 ]
[ 389 389 64.28801028 0 1 ]
[ 390 390 64.28801028 0 1 ]
[ 391 391 64.28801028 0 1 ]
[ 392 392 64.28801028 0 1 ]
[ 393 393 64.28801028 0 1 ]
[ 394 394 64.28801028 0 1 ]
[ 395 395 64.28801028 0 1 ]
[ 396 396 64.28801028 0 1 ]
[ 397 397 64.28801028 0 1 ]
[ 398 398 64.28801028 0 1 ]
[ 399 399 64.28801028 0 1 ]
[ 400 400 64.28801028 0 1 ]
[ 401 401 64.28801028 0 1 ]
[ 402 402 64.28801028 0 1 ]
[ 403 403 64.28801028 0 1 ]
[ 404 404 64.28801028 0 1 ]
[ 405 405 64.28801028 0 1 ]
[ 406 406 64.28801028 0 1 ]
[ 407 407 64.28801028 0 1 ]
[ 408 408 64.28801028 0 1 ]
[ 409 409 64.28801028 0 1 ]
[ 410 410 64.28801028 0 1 ]
[ 411 411 64.28801028 0 1 ]
[ 412 412 64.28801028 0 1 ]
[ 413 413 64.28801028 0 1 ]
[ 414 414 64.28801028 0 1 ]
[ 415 415 64.28801028 0 1 ]
[ 416 416 64.28801028 0 1 ]
[ 417 417 64.28801028 0 1 ]
[ 418 418 64.28801028 0 1 ]
[ 419 419 64.28801028 0 1 ]
[ 420 420 64.28801028 0 1 ]
[ 421 421 64.28801028 0 1 ]
[ 422 422 64.28801028 0 1 ]
[ 423 423 64.28801028 0 1 ]
[ 424 424 64.28801028 0 1 ]
[ 425 425 64.28801028 0 1 ]
[ 426 426 64.28801028 0 1 ]
[ 427 427 64.28801028 0 1 ]
[ 428 428 64.28801028 0 1 ]
[ 429 429 64.28801028 0 1 ]
[ 430 430 64.28801028 0 1 ]
[ 431 431 64.28801028 0 1 ]
[ 432 432 64.28801028 0 1 ]
[ 433 433 64.28801028 0 1 ]
[ 434 434 64.28801028 0 1 ]
[ 435 435 64.28801028 0 1 ]
[ 436 436 64.28801028 0 1 ]
[ 437 437 64.28801028 0 1 ]
[ 438 438 64.28801028 0 1 ]
[ 439 439 64.28801028 0 1 ]
[ 440 440 64.28801028 0 1 ]
[ 441 441 64.28801028 0 1 ]
[ 442 442 64.28801028 0 1 ]
[ 443 443 64.28801028 0 1 ]
[ 444 444 64.28801028 0 1 ]
[ 445 445 64.28801028 0 1 ]
[ 446 446 64.28801028 0 1 ]
[ 447 447 64.28801028 0 1 ]
[ 448 448 64.28801028 0 1 ]
[ 449 449 64.28801028 0 1 ]
[ 450 450 64.28801028 0 1 ]
[ 451 451 64.28801028 0 1 ]
[ 452 452 64.28801028 0 1 ]
[ 453 453 64.28801028 0 1 ]
[ 454 454 64.28801028 0 1 ]
[ 455 455 64.28801028 0 1 ]
[ 456 456 64.28801028 0 1 ]
[ 457 457 64.28801028 0 1 ]
[ 458 458 64.28801028 0 1 ]
[ 459 459 64.28801028 0 1 ]
[ 460 460 64.28801028 0 1 ]
[ 461 461 64.28801028 0 1 ]
[ 462 462 64.28801028 0 1 ]
[ 463 463 64.28801028 0 1 ]
[ 464 464 64.28801028 0 1 ]
[ 465 465 64.28801028 0 1 ]
[ 466 466 64.28801028 0 1 ]
[ 467 467 64.28801028 0 1 ]
[ 468 468 64.28801028 0 1 ]
[ 469 469 64.28801028 0 1 ]
[ 470 470 64.28801028 0 1 ]
[ 471 471 64.28801028 0 1 ]
[ 472 472 64.28801028 0 1 ]
[ 473 473 64.28801028 0 1 ]
[ 474 474 64.28801028 0 1 ]
[ 475 475 64.28801028 0 1 ]
[ 476 476 64.28801028 0 1 ]
[ 477 477 64.28801028 0 1 ]
[ 478 478 64.28801028 0 1 ]
[ 479 479 64.28801028 0 1 ]
[ 480 480 64.28801028 0 1 ]
[ 481 481 64.28801028 0 1 ]
[ 482 482 64.28801028 0 1 ]
[ 483 483 64.28801028 0 1 ]
[ 484 484 64.28801028 0 1 ]
[ 485 485 64.28801028 0 1 ]
[ 486 486 64.28801028 0 1 ]
[ 487 487 64.28801028 0 1 ]
[ 488 488 64.28801028 0 1 ]
[ 489 489 64.28801028 0 1 ]
[ 490 490 64.28801028 0 1 ]
[ 491 491 64.28801028 0 1 ]
[ 492 492 64.28801028 0 1 ]
[ 493 493 64.28801028 0 1 ]
[ 494 494 64.28801028 0 1 ]
[ 495 495 64.28801028 0 1 ]
[ 496 496 64.28801028 0 1 ]
[ 497 497 64.28801028 0 1 ]
[ 498 498 64.28801028 0 1 ]
[ 499 499 64.28801028 0 1 ]
[ 500 500 64.28801028 0 1 ]
[ 501 501 64.28801028 0 1 ]
[ 502 502 64.28801028 0 1 ]
[ 503 503 64.28801028 0 1 ]
[ 504 504 64.28801028 0 1 ]
[ 505 505 64.28801028 0 1 ]
[ 506 506 64.28801028 0 1 ]
[ 507 507 64.28801028 0 1 ]
[ 508 508 64.28801028 0 1 ]
[ 509 509 64.28801028 0 1 ]
[ 510 510 64.28801028 0 1 ]
[ 511 511 64.28801028 0 1 ]
[ 512 512 64.28801028 0 1 ]
[ 513 513 64.28801028 0 1 ]
[ 514 514 64.28801028 0 1 ]
[ 515 515 64.28801028 0 1 ]
[ 516 516 64.28801028 0 1 ]
[ 517 517 64.28801028 0 1 ]
[ 518 518 64.28801028 0 1 ]
[ 519 519 64.28801028 0 1 ]
[ 520 520 64.28801028 0 1 ]
[ 521 521 64.28801028 0 1 ]
[ 522 522 64.28801028 0 1 ]
[ 523 523 64.28801028 0 1 ]
[ 524 524 64.28801028 0 1 ]
[ 525 525 64.28801028 0 1 ]
[ 526 526 64.28801028 0 1 ]
[ 527 527 64.28801028 0 1 ]
[ 528 528 64.28801028 0 1 ]
[ 529 529 64.28801028 0 1 ]
[ 530 530 64.28801028 0 1 ]
[ 531 531 64.28801028 0 1 ]
[ 532 532 64.28801028 0 1 ]
[ 533 533 64.28801028 0 1 ]
[ 534 534 64.28801028 0 1 ]
[ 535 535 64.28801028 0 1 ]
[ 536 536 64.28801028 0 1 ]
[ 537 537 64.28801028 0 1 ]
[ 538 538 64.28801028 0 1 ]
[ 539 539 64.28801028 0 1 ]
[ 540 540 64.28801028 0 1 ]
[ 541 541 64.28801028 0 1 ]
[ 542 542 64.28801028 0 1 ]
[ 543 543 64.28801028 0 1 ]
[ 544 544 64.28801028 0 1 ]
[ 545 545 64.28801028 0 1 ]
[ 546 546 64.28801028 0 1 ]
[ 547 547 64.28801028 0 1 ]
[ 548 548 64.28801028 0 1 ]
[ 549 549 64.28801028 0 1 ]
[ 550 550 64.28801028 0 1 ]
[ 551 551 64.28801028 0 1 ]
[ 552 552 64.28801028 0 1 ]
[ 553 553 64.28801028 0 1 ]
[ 554 554 64.28801028 0 1 ]
[ 555 555 64.28801028 0 1 ]
[ 556 556 64.28801028 0 1 ]
[ 557 557 64.28801028 0 1 ]
[ 558 558 64.28801028 0 1 ]
[ 559 559 64.28801028 0 1 ]
[ 560 560 64.28801028 0 1 ]
[ 561 561 64.28801028 0 1 ]
[ 562 562 64.28801028 0 1 ]
[ 563 563 64.28801028 0 1 ]
[ 564 564 64.28801028 0 1 ]
[ 565 565 64.28801028 0 1 ]
[ 566 566 64.28801028 0 1 ]
[ 567 567 64.28801028 0 1 ]
[ 568 568 64.28801028 0 1 ]
[ 569 569 64.28801028 0 1 ]
[ 570 570 64.28801028 0 1 ]
[ 571 571 64.28801028 0 1 ]
[ 572 572 64.28801028 0 1 ]
[ 573 573 64.28801028 0 1 ]
[ 574 574 64.28801028 0 1 ]
[ 575 575 64.28801028 0 1 ]
[ 576 576 64.28801028 0 1 ]
[ 577 577 64.28801028 0 1 ]
[ 578 578 64.28801028 0 1 ]
[ 579 579 64.28801028 0 1 ]
[ 580 580 64.28801028 0 1 ]
[ 581 581 64.28801028 0 1 ]
[ 582 582 64.28801028 0 1 ]
[ 583 583 64.28801028 0 1 ]
[ 584 584 64.28801028 0 1 ]
[ 585 585 64.28801028 0 1 ]
[ 586 586 64.28801028 0 1 ]
[ 587 587 64.28801028 0 1 ]
[ 588 588 64.28801028 0 1 ]
[ 589 589 64.28801028 0 1 ]
[ 590 590 64.28801028 0 1 ]
[ 591 591 64.28801028 0 1 ]
[ 592 592 64.28801028 0 1 ]
[ 593 593 64.28801028 0 1 ]
[ 594 594 64.28801028 0 1 ]
[ 595 595 64.28801028 0 1 ]
[ 596 596 64.28801028 0 1 ]
[ 597 597 64.28801028 0 1 ]
[ 598 598 64.28801028 0 1 ]
[ 599 599 64.28801028 0 1 ]
[ 600 600 64.28801028 0 1 ]
[ 601 601 64.28801028 0 1 ]
[ 602 602 64.28801028 0 1 ]
[ 603 603 64.28801028 0 1 ]
[ 604 604 64.28801028 0 1 ]
[ 605 605 64.28801028 0 1 ]
[ 606 606 64.28801028 0 1 ]
[ 607 607 64.28801028 0 1 ]
[ 608 608 64.28801028 0 1 ]
[ 609 609 64.28801028 0 1 ]
[ 610 610 64.28801028 0 1 ]
[ 611 611 64.28801028 0 1 ]
[ 612 612 64.28801028 0 1 ]
[ 613 613 64.28801028 0 1 ]
[ 614 614 64.28801028 0 1 ]
[ 615 615 64.28801028 0 1 ]
[ 616 616 64.28801028 0 1 ]
[ 617 617 64.28801028 0 1 ]
[ 618 618 64.28801028 0 1 ]
[ 619 619 64.28801028 0 1 ]
[ 620 620 64.28801028 0 1 ]
[ 621 621 64.28801028 0 1 ]
[ 622 622 64.28801028 0 1 ]
[ 623 623 64.28801028 0 1 ]
[ 624 624 64.28801028 0 1 ]
[ 625 625 64.28801028 0 1 ]
[ 626 626 64.28801028 0 1 ]
[ 627 627 64.28801028 0 1 ]
[ 628 628 64.28801028 0 1 ]
[ 629 629 64.28801028 0 1 ]
[ 630 630 64.28801028 0 1 ]
[ 631 631 64.28801028 0 1 ]
[ 632 632 64.28801028 0 1 ]
[ 633 633 64.28801028 0 1 ]
[ 634 634 64.28801028 0 1 ]
[ 635 635 64.28801028 0 1 ]
[ 636 636 64.28801028 0 1 ]
[ 637 637 64.28801028 0 1 ]
[ 638 638 64.28801028 0 1 ]
[ 639 639 64.28801028 0 1 ]
[ 640 640 64.28801028 0 1 ]
[ 641 641 64.28801028 0 1 ]
[ 642 642 64.28801028 0 1 ]
[ 643 643 64.28801028 0 1 ]
[ 644 644 64.28801028 0 1 ]
[ 645 645 64.28801028 0 1 ]
[ 646 646 64.28801028 0 1 ]
[ 647 647 64.28801028 0 1 ]
[ 648 648 64.28801028 0 1 ]
[ 649 649 64.28801028 0 1 ]
[ 650 650 64.28801028 0 1 ]
[ 651 651 64.28801028 0 1 ]
[ 652 652 64.28801028 0 1 ]
[ 653 653 64.28801028 0 1 ]
[ 654 654 64.28801028 0 1 ]
[ 655 655 64.28801028 0 1 ]
[ 656 656 64.28801028 0 1 ]
[ 657 657 64.28801028 0 1 ]
[ 658 658 64.28801028 0 1 ]
[ 659 659 64.28801028 0 1 ]
[ 660 660 64.28801028 0 1 ]
[ 661 661 64.28801028 0 1 ]
[ 662 662 64.28801028 0 1 ]
[ 663 663 64.28801028 0 1 ]
[ 664 664 64.28801028 0 1 ]
[ 665 665 64.28801028 0 1 ]
[ 666 666 64.28801028 0 1 ]
[ 667 667 64.28801028 0 1 ]
[ 668 668 64.28801028 0 1 ]
[ 669 669 64.28801028 0 1 ]
[ 670 670 64.28801028 0 1 ]
[ 671 671 64.28801028 0 1 ]
[ 672 672 64.28801028 0 1 ]
[ 673 673 64.28801028 0 1 ]
[ 674 674 64.28801028 0 1 ]
[ 675 675 64.28801028 0 1 ]
[ 676 676 64.28801028 0 1 ]
[ 677 677 64.28801028 0 1 ]
[ 678 678 64.28801028 0 1 ]
[ 679 679 64.28801028 0 1 ]
[ 680 680 64.28801028 0 1 ]
[ 681 681 64.28801028 0 1 ]
[ 682 682 64.28801028 0 1 ]
[ 683 683 64.28801028 0 1 ]
[ 684 684 64.28801028 0 1 ]
[ 685 685 64.28801028 0 1 ]
[ 686 686 64.28801028 0 1 ]
[ 687 687 64.28801028 0 1 ]
[ 688 688 64.28801028 0 1 ]
[ 689 689 64.28801028 0 1 ]
[ 690 690 64.28801028 0 1 ]
[ 691 691 64.28801028 0 1 ]
[ 692 692 64.28801028 0 1 ]
[ 693 693 64.28801028 0 1 ]
[ 694 694 64.28801028 0 1 ]
[ 695 695 64.28801028 0 1 ]
[ 696 696 64.28801028 0 1 ]
[ 697 697 64.28801028 0 1 ]
[ 698 698 64.28801028 0 1 ]
[ 699 699 64.28801028 0 1 ]
[ 700 700 64.28801028 0 1 ]
[ 701 701 64.28801028 0 1 ]
[ 702 702 64.28801028 0 1 ]
[ 703 703 64.28801028 0 1 ]
[ 704 704 64.28801028 0 1 ]
[ 705 705 64.28801028 0 1 ]
[ 706 706 64.28801028 0 1 ]
[ 707 707 64.28801028 0 1 ]
[ 708 708 64.28801028 0 1 ]
[ 709 709 64.28801028 0 1 ]
[ 710 710 64.28801028 0 1 ]
[ 711 711 64.28801028 0 1 ]
[ 712 712 64.28801028 0 1 ]
[ 713 713 64.28801028 0 1 ]
[ 714 714 64.28801028 0 1 ]
[ 715 715 64.28801028 0 1 ]
[ 716 716 64.28801028 0 1 ]
[ 717 717 64.28801028 0 1 ]
[ 718 718 64.28801028 0 1 ]
[ 719 719 64.28801028 0 1 ]
[ 720 720 64.28801028 0 1 ]
[ 721 721 64.28801028 0 1 ]
[ 722 722 64.28801028 0 1 ]
[ 723 723 64.28801028 0 1 ]
[ 724 724 64.28801028 0 1 ]
[ 725 725 64.28801028 0 1 ]
[ 726 726 64.28801028 0 1 ]
[ 727 727 64.28801028 0 1 ]
[ 728 728 64.28801028 0 1 ]
[ 729 729 64.28801028 0 1 ]
[ 0 30 4444.44444444 0 1 ]
[ 31 58 4444.44444444 0 1 ]
[ 59 89 4444.44444444 0 1 ]
[ 90 119 4444.44444444 0 1 ]
[ 120 150 4444.44444444 0 1 ]
[ 151 180 4444.44444444 0 1 ]
[ 181 211 4444.44444444 0 1 ]
[ 212 242 4444.44444444 0 1 ]
[ 243 272 4444.44444444 0 1 ]
[ 273 303 4444.44444444 0 1 ]
[ 304 333 4444.44444444 0 1 ]
[ 334 364 4444.44444444 0 1 ]
[ 365 395 4444.44444444 0 1 ]
[ 396 423 4444.44444444 0 1 ]
[ 424 454 4444.44444444 0 1 ]
[ 455 484 4444.44444444 0 1 ]
[ 485 515 4444.44444444 0 1 ]
[ 516 545 4444.44444444 0 1 ]
[ 546 576 4444.44444444 0 1 ]
[ 577 607 4444.44444444 0 1 ]
[ 608 637 4444.44444444 0 1 ]
[ 638 668 4444.44444444 0 1 ]
[ 669 698 4444.44444444 0 1 ]
[ 699 729 4444.44444444 0 1 ]
[ 0 89 20305.55555556 0 1 ]
[ 90 180 17944.44444444 0 1 ]
[ 181 272 17944.44444444 0 1 ]
[ 273 364 20305.55555556 0 1 ]
[ 365 454 21500.00000000 0 1 ]
[ 455 545 19000.00000000 0 1 ]
[ 546 637 19000.00000000 0 1 ]
[ 638 729 21500.00000000 0 1 ]
[ 90 272 40333.33333333 0 1 ]
[ 455 637 43000.00000000 0 1 ]
[ 0 364 94444.44444444 1 3 ]
[ 365 729 100000.00000000 1 3 ]
[ 0 364 84722.22222222 0 3 ]
[ 365 729 90000.00000000 0 3 ] ]
