DISCOUNT_FACTOR_ARRAY : [ 0.99986302
0.99972606
0.99958913
0.99945220
0.99931530
0.99917842
0.99904156
0.99890471
0.99876788
0.99863107
0.99849429
0.99835751
0.99822076
0.99808403
0.99794732
0.99781062
0.99767394
0.99753728
0.99740064
0.99726402
0.99712742
0.99699084
0.99685427
0.99671773
0.99658120
0.99644469
0.99630820
0.99617173
0.99603528
0.99589884
0.99576243
0.99562603
0.99548965
0.99535330
0.99521695
0.99508063
0.99494433
0.99480805
0.99467178
0.99453553
0.99439930
0.99426309
0.99412690
0.99399073
0.99385458
0.99371844
0.99358233
0.99344623
0.99331015
0.99317409
0.99303805
0.99290202
0.99276602
0.99263003
0.99249406
0.99235812
0.99222219
0.99208627
0.99195038
0.99181451
0.99167865
0.99154281
0.99140700
0.99127120
0.99113541
0.99099965
0.99086391
0.99072818
0.99059248
0.99045679
0.99032112
0.99018547
0.99004983
0.98991422
0.98977862
0.98964305
0.98950749
0.98937195
0.98923643
0.98910093
0.98896544
0.98882998
0.98869453
0.98855910
0.98842369
0.98828830
0.98815293
0.98801757
0.98788224
0.98774692
0.98761162
0.98747634
0.98734108
0.98720584
0.98707061
0.98693541
0.98680022
0.98666505
0.98652990
0.98639477
0.98625966
0.98612456
0.98598948
0.98585443
0.98571939
0.98558437
0.98544936
0.98531438
0.98517942
0.98504447
0.98490954
0.98477463
0.98463974
0.98450487
0.98437001
0.98423518
0.98410036
0.98396556
0.98383078
0.98369602
0.98356127
0.98342655
0.98329184
0.98315715
0.98302248
0.98288783
0.98275320
0.98261858
0.98248399
0.98234941
0.98221485
0.98208031
0.98194579
0.98181128
0.98167680
0.98154233
0.98140788
0.98127345
0.98113904
0.98100465
0.98087027
0.98073592
0.98060158
0.98046726
0.98033296
0.98019867
0.98006441
0.97993016
0.97979593
0.97966173
0.97952753
0.97939336
0.97925921
0.97912507
0.97899095
0.97885685
0.97872277
0.97858871
0.97845467
0.97832064
0.97818663
0.97805265
0.97791867
0.97778472
0.97765079
0.97751687
0.97738298
0.97724910
0.97711524
0.97698139
0.97684757
0.97671376
0.97657998
0.97644621
0.97631246
0.97617873
0.97604501
0.97591132
0.97577764
0.97564398
0.97551034
0.97537672
0.97524311
0.97510953
0.97497596
0.97484241
0.97470888
0.97457537
0.97444187
0.97430840
0.97417494
0.97404150
0.97390808
0.97377467
0.97364129
0.97350792
0.97337458
0.97324125
0.97310793
0.97297464
0.97284137
0.97270811
0.97257487
0.97244165
0.97230845
0.97217526
0.97204210
0.97190895
0.97177582
0.97164271
0.97150962
0.97137654
0.97124349
0.97111045
0.97097743
0.97084443
0.97071145
0.97057848
0.97044553
0.97031260
0.97017969
0.97004680
0.96991393
0.96978107
0.96964823
0.96951542
0.96938261
0.96924983
0.96911707
0.96898432
0.96885159
0.96871888
0.96858619
0.96845351
0.96832086
0.96818822
0.96805560
0.96792300
0.96779042
0.96765785
0.96752531
0.96739278
0.96726027
0.96712777
0.96699530
0.96686284
0.96673041
0.96659799
0.96646558
0.96633320
0.96620084
0.96606849
0.96593616
0.96580385
0.96567156
0.96553928
0.96540702
0.96527479
0.96514257
0.96501036
0.96487818
0.96474601
0.96461387
0.96448174
0.96434962
0.96421753
0.96408545
0.96395340
0.96382136
0.96368934
0.96355733
0.96342535
0.96329338
0.96316143
0.96302950
0.96289759
0.96276569
0.96263382
0.96250196
0.96237012
0.96223830
0.96210649
0.96197470
0.96184294
0.96171119
0.96157945
0.96144774
0.96131604
0.96118437
0.96105271
0.96092106
0.96078944
0.96065783
0.96052625
0.96039468
0.96026312
0.96013159
0.96000007
0.95986858
0.95973710
0.95960563
0.95947419
0.95934276
0.95921136
0.95907997
0.95894860
0.95881724
0.95868591
0.95855459
0.95842329
0.95829201
0.95816074
0.95802950
0.95789827
0.95776706
0.95763587
0.95750469
0.95737354
0.95724240
0.95711128
0.95698018
0.95684909
0.95671803
0.95658698
0.95645595
0.95632493
0.95619394
0.95606296
0.95593200
0.95580106
0.95567014
0.95553924
0.95540835
0.95527748
0.95514663
0.95501580
0.95488498
0.95475418
0.95462341
0.95449264
0.95436190
0.95423118
0.95410047
0.95396978
0.95383911
0.95370845
0.95357782
0.95344720
0.95331660
0.95318602
0.95305545
0.95292490
0.95279438
0.95266386
0.95253337
0.95240290
0.95227244
0.95214200
0.95201158
0.95188117
0.95175079
0.95162042
0.95149007
0.95135974
0.95122942
0.95109913
0.95096885
0.95083859
0.95070835
0.95057812
0.95044791
0.95031772
0.95018755
0.95005740
0.94992726
0.94979714
0.94966704
0.94953696
0.94940690
0.94927685
0.94914682
0.94901681
0.94888682
0.94875684
0.94862688
0.94849694
0.94836702
0.94823712
0.94810723
0.94797736
0.94784751
0.94771768
0.94758786
0.94745806
0.94732828
0.94719852
0.94706878
0.94693905
0.94680934
0.94667965
0.94654998
0.94642032
0.94629068
0.94616106
0.94603146
0.94590188
0.94577231
0.94564276
0.94551323
0.94538372
0.94525422
0.94512474
0.94499528
0.94486584
0.94473642
0.94460701
0.94447762
0.94434825
0.94421889
0.94408956
0.94396024
0.94383094
0.94370166
0.94357239
0.94344314
0.94331391
0.94318470
0.94305551
0.94292633
0.94279717
0.94266803
0.94253890
0.94240980
0.94228071
0.94215164
0.94202259
0.94189355
0.94176453
0.94163553
0.94150655
0.94137759
0.94124864
0.94111971
0.94099080
0.94086190
0.94073303
0.94060417
0.94047533
0.94034650
0.94021770
0.94008891
0.93996014
0.93983139
0.93970265
0.93957393
0.93944524
0.93931655
0.93918789
0.93905924
0.93893061
0.93880200
0.93867341
0.93854483
0.93841627
0.93828773
0.93815920
0.93803070
0.93790221
0.93777374
0.93764529
0.93751685
0.93738843
0.93726003
0.93713165
0.93700328
0.93687494
0.93674660
0.93661829
0.93649000
0.93636172
0.93623346
0.93610522
0.93597699
0.93584879
0.93572060
0.93559242
0.93546427
0.93533613
0.93520801
0.93507991
0.93495183
0.93482376
0.93469571
0.93456768
0.93443966
0.93431167
0.93418369
0.93405573
0.93392778
0.93379986
0.93367195
0.93354406
0.93341618
0.93328832
0.93316049
0.93303266
0.93290486
0.93277707
0.93264931
0.93252155
0.93239382
0.93226610
0.93213840
0.93201072
0.93188306
0.93175541
0.93162778
0.93150017
0.93137258
0.93124500
0.93111744
0.93098990
0.93086238
0.93073487
0.93060738
0.93047991
0.93035245
0.93022502
0.93009760
0.92997020
0.92984281
0.92971545
0.92958810
0.92946076
0.92933345
0.92920615
0.92907887
0.92895161
0.92882436
0.92869714
0.92856993
0.92844273
0.92831556
0.92818840
0.92806126
0.92793414
0.92780703
0.92767994
0.92755287
0.92742582
0.92729878
0.92717177
0.92704476
0.92691778
0.92679081
0.92666387
0.92653693
0.92641002
0.92628312
0.92615624
0.92602938
0.92590254
0.92577571
0.92564890
0.92552211
0.92539533
0.92526857
0.92514183
0.92501511
0.92488841
0.92476172
0.92463505
0.92450839
0.92438176
0.92425514
0.92412854
0.92400195
0.92387538
0.92374883
0.92362230
0.92349579
0.92336929
0.92324281
0.92311635
0.92298990
0.92286347
0.92273706
0.92261067
0.92248429
0.92235793
0.92223159
0.92210527
0.92197896
0.92185267
0.92172640
0.92160014
0.92147390
0.92134768
0.92122148
0.92109529
0.92096912
0.92084297
0.92071684
0.92059072
0.92046462
0.92033854
0.92021247
0.92008643
0.91996040
0.91983438
0.91970839
0.91958241
0.91945645
0.91933050
0.91920457
0.91907867
0.91895277
0.91882690
0.91870104
0.91857520
0.91844937
0.91832357
0.91819778
0.91807201
0.91794625
0.91782052
0.91769480
0.91756909
0.91744341
0.91731774
0.91719209
0.91706645
0.91694084
0.91681524
0.91668965
0.91656409
0.91643854
0.91631301
0.91618749
0.91606200
0.91593652
0.91581106
0.91568561
0.91556018
0.91543477
0.91530938
0.91518400
0.91505864
0.91493330
0.91480798
0.91468267
0.91455738
0.91443211
0.91430685
0.91418161
0.91405639
0.91393119
0.91380600
0.91368083
0.91355567
0.91343054
0.91330542
0.91318032
0.91305523
0.91293017
0.91280512
0.91268008
0.91255507
0.91243007
0.91230508
0.91218012
0.91205517
0.91193024
0.91180533
0.91168043
0.91155555
0.91143069
0.91130585
0.91118102
0.91105621
0.91093141
0.91080664
0.91068188
0.91055714
0.91043241
0.91030770
0.91018301
0.91005834
0.90993368
0.90980904
0.90968442
0.90955981
0.90943522
0.90931065
0.90918610
0.90906156
0.90893704
0.90881253
0.90868805
0.90856358
0.90843913
0.90831469
0.90819027
0.90806587
0.90794149
0.90781712
0.90769277
0.90756844
0.90744412
0.90731982
0.90719554
0.90707128
0.90694703
0.90682280
0.90669858
0.90657439
0.90645021
0.90632605
0.90620190
0.90607777
0.90595366
0.90582956
0.90570549
0.90558143
0.90545738
0.90533336
0.90520935
0.90508535
0.90496138
0.90483742 ]
