DISCOUNT_FACTOR_ARRAY : [ 0.99576243
0.99576243
0.99576243
0.99576243
0.99576243
0.99576243
0.99576243
0.99576243
0.99576243
0.99576243
0.99576243
0.99576243
0.99576243
0.99576243
0.99576243
0.99576243
0.99576243
0.99576243
0.99576243
0.99576243
0.99576243
0.99576243
0.99576243
0.99576243
0.99576243
0.99576243
0.99576243
0.99576243
0.99576243
0.99576243
0.99576243
0.99195038
0.99195038
0.99195038
0.99195038
0.99195038
0.99195038
0.99195038
0.99195038
0.99195038
0.99195038
0.99195038
0.99195038
0.99195038
0.99195038
0.99195038
0.99195038
0.99195038
0.99195038
0.99195038
0.99195038
0.99195038
0.99195038
0.99195038
0.99195038
0.99195038
0.99195038
0.99195038
0.99195038
0.98774692
0.98774692
0.98774692
0.98774692
0.98774692
0.98774692
0.98774692
0.98774692
0.98774692
0.98774692
0.98774692
0.98774692
0.98774692
0.98774692
0.98774692
0.98774692
0.98774692
0.98774692
0.98774692
0.98774692
0.98774692
0.98774692
0.98774692
0.98774692
0.98774692
0.98774692
0.98774692
0.98774692
0.98774692
0.98774692
0.98774692
0.98369602
0.98369602
0.98369602
0.98369602
0.98369602
0.98369602
0.98369602
0.98369602
0.98369602
0.98369602
0.98369602
0.98369602
0.98369602
0.98369602
0.98369602
0.98369602
0.98369602
0.98369602
0.98369602
0.98369602
0.98369602
0.98369602
0.98369602
0.98369602
0.98369602
0.98369602
0.98369602
0.98369602
0.98369602
0.98369602
0.97952753
0.97952753
0.97952753
0.97952753
0.97952753
0.97952753
0.97952753
0.97952753
0.97952753
0.97952753
0.97952753
0.97952753
0.97952753
0.97952753
0.97952753
0.97952753
0.97952753
0.97952753
0.97952753
0.97952753
0.97952753
0.97952753
0.97952753
0.97952753
0.97952753
0.97952753
0.97952753
0.97952753
0.97952753
0.97952753
0.97952753
0.97551034
0.97551034
0.97551034
0.97551034
0.97551034
0.97551034
0.97551034
0.97551034
0.97551034
0.97551034
0.97551034
0.97551034
0.97551034
0.97551034
0.97551034
0.97551034
0.97551034
0.97551034
0.97551034
0.97551034
0.97551034
0.97551034
0.97551034
0.97551034
0.97551034
0.97551034
0.97551034
0.97551034
0.97551034
0.97551034
0.97137654
0.97137654
0.97137654
0.97137654
0.97137654
0.97137654
0.97137654
0.97137654
0.97137654
0.97137654
0.97137654
0.97137654
0.97137654
0.97137654
0.97137654
0.97137654
0.97137654
0.97137654
0.97137654
0.97137654
0.97137654
0.97137654
0.97137654
0.97137654
0.97137654
0.97137654
0.97137654
0.97137654
0.97137654
0.97137654
0.97137654
0.96726027
0.96726027
0.96726027
0.96726027
0.96726027
0.96726027
0.96726027
0.96726027
0.96726027
0.96726027
0.96726027
0.96726027
0.96726027
0.96726027
0.96726027
0.96726027
0.96726027
0.96726027
0.96726027
0.96726027
0.96726027
0.96726027
0.96726027
0.96726027
0.96726027
0.96726027
0.96726027
0.96726027
0.96726027
0.96726027
0.96726027
0.96329338
0.96329338
0.96329338
0.96329338
0.96329338
0.96329338
0.96329338
0.96329338
0.96329338
0.96329338
0.96329338
0.96329338
0.96329338
0.96329338
0.96329338
0.96329338
0.96329338
0.96329338
0.96329338
0.96329338
0.96329338
0.96329338
0.96329338
0.96329338
0.96329338
0.96329338
0.96329338
0.96329338
0.96329338
0.96329338
0.95921136
0.95921136
0.95921136
0.95921136
0.95921136
0.95921136
0.95921136
0.95921136
0.95921136
0.95921136
0.95921136
0.95921136
0.95921136
0.95921136
0.95921136
0.95921136
0.95921136
0.95921136
0.95921136
0.95921136
0.95921136
0.95921136
0.95921136
0.95921136
0.95921136
0.95921136
0.95921136
0.95921136
0.95921136
0.95921136
0.95921136
0.95527748
0.95527748
0.95527748
0.95527748
0.95527748
0.95527748
0.95527748
0.95527748
0.95527748
0.95527748
0.95527748
0.95527748
0.95527748
0.95527748
0.95527748
0.95527748
0.95527748
0.95527748
0.95527748
0.95527748
0.95527748
0.95527748
0.95527748
0.95527748
0.95527748
0.95527748
0.95527748
0.95527748
0.95527748
0.95527748
0.95122942
0.95122942
0.95122942
0.95122942
0.95122942
0.95122942
0.95122942
0.95122942
0.95122942
0.95122942
0.95122942
0.95122942
0.95122942
0.95122942
0.95122942
0.95122942
0.95122942
0.95122942
0.95122942
0.95122942
0.95122942
0.95122942
0.95122942
0.95122942
0.95122942
0.95122942
0.95122942
0.95122942
0.95122942
0.95122942
0.95122942
0.94719852
0.94719852
0.94719852
0.94719852
0.94719852
0.94719852
0.94719852
0.94719852
0.94719852
0.94719852
0.94719852
0.94719852
0.94719852
0.94719852
0.94719852
0.94719852
0.94719852
0.94719852
0.94719852
0.94719852
0.94719852
0.94719852
0.94719852
0.94719852
0.94719852
0.94719852
0.94719852
0.94719852
0.94719852
0.94719852
0.94719852
0.94357239
0.94357239
0.94357239
0.94357239
0.94357239
0.94357239
0.94357239
0.94357239
0.94357239
0.94357239
0.94357239
0.94357239
0.94357239
0.94357239
0.94357239
0.94357239
0.94357239
0.94357239
0.94357239
0.94357239
0.94357239
0.94357239
0.94357239
0.94357239
0.94357239
0.94357239
0.94357239
0.94357239
0.93957393
0.93957393
0.93957393
0.93957393
0.93957393
0.93957393
0.93957393
0.93957393
0.93957393
0.93957393
0.93957393
0.93957393
0.93957393
0.93957393
0.93957393
0.93957393
0.93957393
0.93957393
0.93957393
0.93957393
0.93957393
0.93957393
0.93957393
0.93957393
0.93957393
0.93957393
0.93957393
0.93957393
0.93957393
0.93957393
0.93957393
0.93572060
0.93572060
0.93572060
0.93572060
0.93572060
0.93572060
0.93572060
0.93572060
0.93572060
0.93572060
0.93572060
0.93572060
0.93572060
0.93572060
0.93572060
0.93572060
0.93572060
0.93572060
0.93572060
0.93572060
0.93572060
0.93572060
0.93572060
0.93572060
0.93572060
0.93572060
0.93572060
0.93572060
0.93572060
0.93572060
0.93175541
0.93175541
0.93175541
0.93175541
0.93175541
0.93175541
0.93175541
0.93175541
0.93175541
0.93175541
0.93175541
0.93175541
0.93175541
0.93175541
0.93175541
0.93175541
0.93175541
0.93175541
0.93175541
0.93175541
0.93175541
0.93175541
0.93175541
0.93175541
0.93175541
0.93175541
0.93175541
0.93175541
0.93175541
0.93175541
0.93175541
0.92793414
0.92793414
0.92793414
0.92793414
0.92793414
0.92793414
0.92793414
0.92793414
0.92793414
0.92793414
0.92793414
0.92793414
0.92793414
0.92793414
0.92793414
0.92793414
0.92793414
0.92793414
0.92793414
0.92793414
0.92793414
0.92793414
0.92793414
0.92793414
0.92793414
0.92793414
0.92793414
0.92793414
0.92793414
0.92793414
0.92400195
0.92400195
0.92400195
0.92400195
0.92400195
0.92400195
0.92400195
0.92400195
0.92400195
0.92400195
0.92400195
0.92400195
0.92400195
0.92400195
0.92400195
0.92400195
0.92400195
0.92400195
0.92400195
0.92400195
0.92400195
0.92400195
0.92400195
0.92400195
0.92400195
0.92400195
0.92400195
0.92400195
0.92400195
0.92400195
0.92400195
0.92008643
0.92008643
0.92008643
0.92008643
0.92008643
0.92008643
0.92008643
0.92008643
0.92008643
0.92008643
0.92008643
0.92008643
0.92008643
0.92008643
0.92008643
0.92008643
0.92008643
0.92008643
0.92008643
0.92008643
0.92008643
0.92008643
0.92008643
0.92008643
0.92008643
0.92008643
0.92008643
0.92008643
0.92008643
0.92008643
0.92008643
0.91631301
0.91631301
0.91631301
0.91631301
0.91631301
0.91631301
0.91631301
0.91631301
0.91631301
0.91631301
0.91631301
0.91631301
0.91631301
0.91631301
0.91631301
0.91631301
0.91631301
0.91631301
0.91631301
0.91631301
0.91631301
0.91631301
0.91631301
0.91631301
0.91631301
0.91631301
0.91631301
0.91631301
0.91631301
0.91631301
0.91243007
0.91243007
0.91243007
0.91243007
0.91243007
0.91243007
0.91243007
0.91243007
0.91243007
0.91243007
0.91243007
0.91243007
0.91243007
0.91243007
0.91243007
0.91243007
0.91243007
0.91243007
0.91243007
0.91243007
0.91243007
0.91243007
0.91243007
0.91243007
0.91243007
0.91243007
0.91243007
0.91243007
0.91243007
0.91243007
0.91243007
0.90868805
0.90868805
0.90868805
0.90868805
0.90868805
0.90868805
0.90868805
0.90868805
0.90868805
0.90868805
0.90868805
0.90868805
0.90868805
0.90868805
0.90868805
0.90868805
0.90868805
0.90868805
0.90868805
0.90868805
0.90868805
0.90868805
0.90868805
0.90868805
0.90868805
0.90868805
0.90868805
0.90868805
0.90868805
0.90868805
0.90483742
0.90483742
0.90483742
0.90483742
0.90483742
0.90483742
0.90483742
0.90483742
0.90483742
0.90483742
0.90483742
0.90483742
0.90483742
0.90483742
0.90483742
0.90483742
0.90483742
0.90483742
0.90483742
0.90483742
0.90483742
0.90483742
0.90483742
0.90483742
0.90483742
0.90483742
0.90483742
0.90483742
0.90483742
0.90483742
0.90483742 ]
