MAX_REL_CAP_PCT_ARRAY : [  (1) [ 0 0 0.00000000 1 256 ]
 (2) [ 1 1 0.00000000 1 256 ]
 (3) [ 2 2 0.00000000 1 256 ]
 (4) [ 3 3 0.00000000 1 256 ]
 (5) [ 4 4 0.00000000 1 256 ]
 (6) [ 5 5 0.00000000 1 256 ]
 (7) [ 6 6 0.00000000 1 256 ]
 (8) [ 7 7 0.00000000 1 256 ]
 (9) [ 8 8 0.00000000 1 256 ]
 (10) [ 9 9 0.00000000 1 256 ]
 (11) [ 10 10 0.00000000 1 256 ]
 (12) [ 11 11 0.00000000 1 256 ]
 (13) [ 12 12 0.00000000 1 256 ]
 (14) [ 13 13 0.00000000 1 256 ]
 (15) [ 14 14 0.00000000 1 256 ]
 (16) [ 15 15 0.00000000 1 256 ]
 (17) [ 16 16 0.00000000 1 256 ]
 (18) [ 17 17 0.00000000 1 256 ]
 (19) [ 18 18 0.00000000 1 256 ]
 (20) [ 19 19 0.00000000 1 256 ]
 (21) [ 20 20 0.00000000 1 256 ]
 (22) [ 21 21 0.00000000 1 256 ]
 (23) [ 22 22 0.00000000 1 256 ]
 (24) [ 23 23 0.00000000 1 256 ]
 (25) [ 24 24 0.00000000 1 256 ]
 (26) [ 25 25 0.00000000 1 256 ]
 (27) [ 26 26 0.00000000 1 256 ]
 (28) [ 27 27 0.00000000 1 256 ]
 (29) [ 28 28 0.00000000 1 256 ]
 (30) [ 29 29 0.00000000 1 256 ]
 (31) [ 30 30 0.00000000 1 256 ]
 (32) [ 31 31 0.00000000 1 256 ]
 (33) [ 32 32 0.00000000 1 256 ]
 (34) [ 33 33 0.00000000 1 256 ]
 (35) [ 34 34 0.00000000 1 256 ]
 (36) [ 35 35 0.00000000 1 256 ]
 (37) [ 36 36 0.00000000 1 256 ]
 (38) [ 37 37 0.00000000 1 256 ]
 (39) [ 38 38 0.00000000 1 256 ]
 (40) [ 39 39 0.00000000 1 256 ]
 (41) [ 40 40 0.00000000 1 256 ]
 (42) [ 41 41 0.00000000 1 256 ]
 (43) [ 42 42 0.00000000 1 256 ]
 (44) [ 43 43 0.00000000 1 256 ]
 (45) [ 44 44 0.00000000 1 256 ]
 (46) [ 45 45 0.00000000 1 256 ]
 (47) [ 46 46 0.00000000 1 256 ]
 (48) [ 47 47 0.00000000 1 256 ]
 (49) [ 48 48 0.00000000 1 256 ]
 (50) [ 49 49 0.00000000 1 256 ]
 (51) [ 50 50 0.00000000 1 256 ]
 (52) [ 51 51 0.00000000 1 256 ]
 (53) [ 52 52 0.00000000 1 256 ]
 (54) [ 53 53 0.00000000 1 256 ]
 (55) [ 54 54 0.00000000 1 256 ]
 (56) [ 55 55 0.00000000 1 256 ]
 (57) [ 56 56 0.00000000 1 256 ]
 (58) [ 57 57 0.00000000 1 256 ]
 (59) [ 58 58 0.00000000 1 256 ]
 (60) [ 59 59 0.00000000 1 256 ]
 (61) [ 60 60 0.00000000 1 256 ]
 (62) [ 61 61 0.00000000 1 256 ]
 (63) [ 62 62 0.00000000 1 256 ]
 (64) [ 63 63 0.00000000 1 256 ]
 (65) [ 64 64 0.00000000 1 256 ]
 (66) [ 65 65 0.00000000 1 256 ]
 (67) [ 66 66 0.00000000 1 256 ]
 (68) [ 67 67 0.00000000 1 256 ]
 (69) [ 68 68 0.00000000 1 256 ]
 (70) [ 69 69 0.00000000 1 256 ]
 (71) [ 70 70 0.00000000 1 256 ]
 (72) [ 71 71 0.00000000 1 256 ]
 (73) [ 72 72 0.00000000 1 256 ]
 (74) [ 73 73 0.00000000 1 256 ]
 (75) [ 74 74 0.00000000 1 256 ]
 (76) [ 75 75 0.00000000 1 256 ]
 (77) [ 76 76 0.00000000 1 256 ]
 (78) [ 77 77 0.00000000 1 256 ]
 (79) [ 78 78 0.00000000 1 256 ]
 (80) [ 79 79 0.00000000 1 256 ]
 (81) [ 80 80 0.00000000 1 256 ]
 (82) [ 81 81 0.00000000 1 256 ]
 (83) [ 82 82 0.00000000 1 256 ]
 (84) [ 83 83 0.00000000 1 256 ]
 (85) [ 84 84 0.00000000 1 256 ]
 (86) [ 85 85 0.00000000 1 256 ]
 (87) [ 86 86 0.00000000 1 256 ]
 (88) [ 87 87 0.00000000 1 256 ]
 (89) [ 88 88 0.00000000 1 256 ]
 (90) [ 89 89 0.00000000 1 256 ]
 (91) [ 90 90 1.00000000 1 256 ]
 (92) [ 91 91 1.00000000 1 256 ]
 (93) [ 92 92 1.00000000 1 256 ]
 (94) [ 93 93 1.00000000 1 256 ]
 (95) [ 94 94 1.00000000 1 256 ]
 (96) [ 95 95 1.00000000 1 256 ]
 (97) [ 96 96 1.00000000 1 256 ]
 (98) [ 97 97 1.00000000 1 256 ]
 (99) [ 98 98 1.00000000 1 256 ]
 (100) [ 99 99 1.00000000 1 256 ]
 (101) [ 100 100 1.00000000 1 256 ]
 (102) [ 101 101 1.00000000 1 256 ]
 (103) [ 102 102 1.00000000 1 256 ]
 (104) [ 103 103 1.00000000 1 256 ]
 (105) [ 104 104 1.00000000 1 256 ]
 (106) [ 105 105 1.00000000 1 256 ]
 (107) [ 106 106 1.00000000 1 256 ]
 (108) [ 107 107 1.00000000 1 256 ]
 (109) [ 108 108 1.00000000 1 256 ]
 (110) [ 109 109 1.00000000 1 256 ]
 (111) [ 110 110 1.00000000 1 256 ]
 (112) [ 111 111 1.00000000 1 256 ]
 (113) [ 112 112 1.00000000 1 256 ]
 (114) [ 113 113 1.00000000 1 256 ]
 (115) [ 114 114 1.00000000 1 256 ]
 (116) [ 115 115 1.00000000 1 256 ]
 (117) [ 116 116 1.00000000 1 256 ]
 (118) [ 117 117 1.00000000 1 256 ]
 (119) [ 118 118 1.00000000 1 256 ]
 (120) [ 119 119 1.00000000 1 256 ]
 (121) [ 120 120 1.00000000 1 256 ]
 (122) [ 121 121 1.00000000 1 256 ]
 (123) [ 122 122 1.00000000 1 256 ]
 (124) [ 123 123 1.00000000 1 256 ]
 (125) [ 124 124 1.00000000 1 256 ]
 (126) [ 125 125 1.00000000 1 256 ]
 (127) [ 126 126 1.00000000 1 256 ]
 (128) [ 127 127 1.00000000 1 256 ]
 (129) [ 128 128 1.00000000 1 256 ]
 (130) [ 129 129 1.00000000 1 256 ]
 (131) [ 130 130 1.00000000 1 256 ]
 (132) [ 131 131 1.00000000 1 256 ]
 (133) [ 132 132 1.00000000 1 256 ]
 (134) [ 133 133 1.00000000 1 256 ]
 (135) [ 134 134 1.00000000 1 256 ]
 (136) [ 135 135 1.00000000 1 256 ]
 (137) [ 136 136 1.00000000 1 256 ]
 (138) [ 137 137 1.00000000 1 256 ]
 (139) [ 138 138 1.00000000 1 256 ]
 (140) [ 139 139 1.00000000 1 256 ]
 (141) [ 140 140 1.00000000 1 256 ]
 (142) [ 141 141 1.00000000 1 256 ]
 (143) [ 142 142 1.00000000 1 256 ]
 (144) [ 143 143 1.00000000 1 256 ]
 (145) [ 144 144 1.00000000 1 256 ]
 (146) [ 145 145 1.00000000 1 256 ]
 (147) [ 146 146 1.00000000 1 256 ]
 (148) [ 147 147 1.00000000 1 256 ]
 (149) [ 148 148 1.00000000 1 256 ]
 (150) [ 149 149 1.00000000 1 256 ]
 (151) [ 150 150 1.00000000 1 256 ]
 (152) [ 151 151 1.00000000 1 256 ]
 (153) [ 152 152 1.00000000 1 256 ]
 (154) [ 153 153 1.00000000 1 256 ]
 (155) [ 154 154 1.00000000 1 256 ]
 (156) [ 155 155 1.00000000 1 256 ]
 (157) [ 156 156 1.00000000 1 256 ]
 (158) [ 157 157 1.00000000 1 256 ]
 (159) [ 158 158 1.00000000 1 256 ]
 (160) [ 159 159 1.00000000 1 256 ]
 (161) [ 160 160 1.00000000 1 256 ]
 (162) [ 161 161 1.00000000 1 256 ]
 (163) [ 162 162 1.00000000 1 256 ]
 (164) [ 163 163 1.00000000 1 256 ]
 (165) [ 164 164 1.00000000 1 256 ]
 (166) [ 165 165 1.00000000 1 256 ]
 (167) [ 166 166 1.00000000 1 256 ]
 (168) [ 167 167 1.00000000 1 256 ]
 (169) [ 168 168 1.00000000 1 256 ]
 (170) [ 169 169 1.00000000 1 256 ]
 (171) [ 170 170 1.00000000 1 256 ]
 (172) [ 171 171 1.00000000 1 256 ]
 (173) [ 172 172 1.00000000 1 256 ]
 (174) [ 173 173 1.00000000 1 256 ]
 (175) [ 174 174 1.00000000 1 256 ]
 (176) [ 175 175 1.00000000 1 256 ]
 (177) [ 176 176 1.00000000 1 256 ]
 (178) [ 177 177 1.00000000 1 256 ]
 (179) [ 178 178 1.00000000 1 256 ]
 (180) [ 179 179 1.00000000 1 256 ]
 (181) [ 180 180 1.00000000 1 256 ]
 (182) [ 181 181 1.00000000 1 256 ]
 (183) [ 182 182 1.00000000 1 256 ]
 (184) [ 183 183 1.00000000 1 256 ]
 (185) [ 184 184 1.00000000 1 256 ]
 (186) [ 185 185 1.00000000 1 256 ]
 (187) [ 186 186 1.00000000 1 256 ]
 (188) [ 187 187 1.00000000 1 256 ]
 (189) [ 188 188 1.00000000 1 256 ]
 (190) [ 189 189 1.00000000 1 256 ]
 (191) [ 190 190 1.00000000 1 256 ]
 (192) [ 191 191 1.00000000 1 256 ]
 (193) [ 192 192 1.00000000 1 256 ]
 (194) [ 193 193 1.00000000 1 256 ]
 (195) [ 194 194 1.00000000 1 256 ]
 (196) [ 195 195 1.00000000 1 256 ]
 (197) [ 196 196 1.00000000 1 256 ]
 (198) [ 197 197 1.00000000 1 256 ]
 (199) [ 198 198 1.00000000 1 256 ]
 (200) [ 199 199 1.00000000 1 256 ]
 (201) [ 200 200 1.00000000 1 256 ]
 (202) [ 201 201 1.00000000 1 256 ]
 (203) [ 202 202 1.00000000 1 256 ]
 (204) [ 203 203 1.00000000 1 256 ]
 (205) [ 204 204 1.00000000 1 256 ]
 (206) [ 205 205 1.00000000 1 256 ]
 (207) [ 206 206 1.00000000 1 256 ]
 (208) [ 207 207 1.00000000 1 256 ]
 (209) [ 208 208 1.00000000 1 256 ]
 (210) [ 209 209 1.00000000 1 256 ]
 (211) [ 210 210 1.00000000 1 256 ]
 (212) [ 211 211 1.00000000 1 256 ]
 (213) [ 212 212 1.00000000 1 256 ]
 (214) [ 213 213 1.00000000 1 256 ]
 (215) [ 214 214 1.00000000 1 256 ]
 (216) [ 215 215 1.00000000 1 256 ]
 (217) [ 216 216 1.00000000 1 256 ]
 (218) [ 217 217 1.00000000 1 256 ]
 (219) [ 218 218 1.00000000 1 256 ]
 (220) [ 219 219 1.00000000 1 256 ]
 (221) [ 220 220 1.00000000 1 256 ]
 (222) [ 221 221 1.00000000 1 256 ]
 (223) [ 222 222 1.00000000 1 256 ]
 (224) [ 223 223 1.00000000 1 256 ]
 (225) [ 224 224 1.00000000 1 256 ]
 (226) [ 225 225 1.00000000 1 256 ]
 (227) [ 226 226 1.00000000 1 256 ]
 (228) [ 227 227 1.00000000 1 256 ]
 (229) [ 228 228 1.00000000 1 256 ]
 (230) [ 229 229 1.00000000 1 256 ]
 (231) [ 230 230 1.00000000 1 256 ]
 (232) [ 231 231 1.00000000 1 256 ]
 (233) [ 232 232 1.00000000 1 256 ]
 (234) [ 233 233 1.00000000 1 256 ]
 (235) [ 234 234 1.00000000 1 256 ]
 (236) [ 235 235 1.00000000 1 256 ]
 (237) [ 236 236 1.00000000 1 256 ]
 (238) [ 237 237 1.00000000 1 256 ]
 (239) [ 238 238 1.00000000 1 256 ]
 (240) [ 239 239 1.00000000 1 256 ]
 (241) [ 240 240 1.00000000 1 256 ]
 (242) [ 241 241 1.00000000 1 256 ]
 (243) [ 242 242 1.00000000 1 256 ]
 (244) [ 243 243 1.00000000 1 256 ]
 (245) [ 244 244 1.00000000 1 256 ]
 (246) [ 245 245 1.00000000 1 256 ]
 (247) [ 246 246 1.00000000 1 256 ]
 (248) [ 247 247 1.00000000 1 256 ]
 (249) [ 248 248 1.00000000 1 256 ]
 (250) [ 249 249 1.00000000 1 256 ]
 (251) [ 250 250 1.00000000 1 256 ]
 (252) [ 251 251 1.00000000 1 256 ]
 (253) [ 252 252 1.00000000 1 256 ]
 (254) [ 253 253 1.00000000 1 256 ]
 (255) [ 254 254 1.00000000 1 256 ]
 (256) [ 255 255 1.00000000 1 256 ]
 (257) [ 256 256 1.00000000 1 256 ]
 (258) [ 257 257 1.00000000 1 256 ]
 (259) [ 258 258 1.00000000 1 256 ]
 (260) [ 259 259 1.00000000 1 256 ]
 (261) [ 260 260 1.00000000 1 256 ]
 (262) [ 261 261 1.00000000 1 256 ]
 (263) [ 262 262 1.00000000 1 256 ]
 (264) [ 263 263 1.00000000 1 256 ]
 (265) [ 264 264 1.00000000 1 256 ]
 (266) [ 265 265 1.00000000 1 256 ]
 (267) [ 266 266 1.00000000 1 256 ]
 (268) [ 267 267 1.00000000 1 256 ]
 (269) [ 268 268 1.00000000 1 256 ]
 (270) [ 269 269 1.00000000 1 256 ]
 (271) [ 270 270 1.00000000 1 256 ]
 (272) [ 271 271 1.00000000 1 256 ]
 (273) [ 272 272 1.00000000 1 256 ]
 (274) [ 273 273 1.00000000 1 256 ]
 (275) [ 274 274 1.00000000 1 256 ]
 (276) [ 275 275 1.00000000 1 256 ]
 (277) [ 276 276 1.00000000 1 256 ]
 (278) [ 277 277 1.00000000 1 256 ]
 (279) [ 278 278 1.00000000 1 256 ]
 (280) [ 279 279 1.00000000 1 256 ]
 (281) [ 280 280 1.00000000 1 256 ]
 (282) [ 281 281 1.00000000 1 256 ]
 (283) [ 282 282 1.00000000 1 256 ]
 (284) [ 283 283 1.00000000 1 256 ]
 (285) [ 284 284 1.00000000 1 256 ]
 (286) [ 285 285 1.00000000 1 256 ]
 (287) [ 286 286 1.00000000 1 256 ]
 (288) [ 287 287 1.00000000 1 256 ]
 (289) [ 288 288 1.00000000 1 256 ]
 (290) [ 289 289 1.00000000 1 256 ]
 (291) [ 290 290 1.00000000 1 256 ]
 (292) [ 291 291 1.00000000 1 256 ]
 (293) [ 292 292 1.00000000 1 256 ]
 (294) [ 293 293 1.00000000 1 256 ]
 (295) [ 294 294 1.00000000 1 256 ]
 (296) [ 295 295 1.00000000 1 256 ]
 (297) [ 296 296 1.00000000 1 256 ]
 (298) [ 297 297 1.00000000 1 256 ]
 (299) [ 298 298 1.00000000 1 256 ]
 (300) [ 299 299 1.00000000 1 256 ]
 (301) [ 300 300 1.00000000 1 256 ]
 (302) [ 301 301 1.00000000 1 256 ]
 (303) [ 302 302 1.00000000 1 256 ]
 (304) [ 303 303 1.00000000 1 256 ]
 (305) [ 304 304 1.00000000 1 256 ]
 (306) [ 305 305 1.00000000 1 256 ]
 (307) [ 306 306 1.00000000 1 256 ]
 (308) [ 307 307 1.00000000 1 256 ]
 (309) [ 308 308 1.00000000 1 256 ]
 (310) [ 309 309 1.00000000 1 256 ]
 (311) [ 310 310 1.00000000 1 256 ]
 (312) [ 311 311 1.00000000 1 256 ]
 (313) [ 312 312 1.00000000 1 256 ]
 (314) [ 313 313 1.00000000 1 256 ]
 (315) [ 314 314 1.00000000 1 256 ]
 (316) [ 315 315 1.00000000 1 256 ]
 (317) [ 316 316 1.00000000 1 256 ]
 (318) [ 317 317 1.00000000 1 256 ]
 (319) [ 318 318 1.00000000 1 256 ]
 (320) [ 319 319 1.00000000 1 256 ]
 (321) [ 320 320 1.00000000 1 256 ]
 (322) [ 321 321 1.00000000 1 256 ]
 (323) [ 322 322 1.00000000 1 256 ]
 (324) [ 323 323 1.00000000 1 256 ]
 (325) [ 324 324 1.00000000 1 256 ]
 (326) [ 325 325 1.00000000 1 256 ]
 (327) [ 326 326 1.00000000 1 256 ]
 (328) [ 327 327 1.00000000 1 256 ]
 (329) [ 328 328 1.00000000 1 256 ]
 (330) [ 329 329 1.00000000 1 256 ]
 (331) [ 330 330 1.00000000 1 256 ]
 (332) [ 331 331 1.00000000 1 256 ]
 (333) [ 332 332 1.00000000 1 256 ]
 (334) [ 333 333 1.00000000 1 256 ]
 (335) [ 334 334 1.00000000 1 256 ]
 (336) [ 335 335 1.00000000 1 256 ]
 (337) [ 336 336 1.00000000 1 256 ]
 (338) [ 337 337 1.00000000 1 256 ]
 (339) [ 338 338 1.00000000 1 256 ]
 (340) [ 339 339 1.00000000 1 256 ]
 (341) [ 340 340 1.00000000 1 256 ]
 (342) [ 341 341 1.00000000 1 256 ]
 (343) [ 342 342 1.00000000 1 256 ]
 (344) [ 343 343 1.00000000 1 256 ]
 (345) [ 344 344 1.00000000 1 256 ]
 (346) [ 345 345 1.00000000 1 256 ]
 (347) [ 346 346 1.00000000 1 256 ]
 (348) [ 347 347 1.00000000 1 256 ]
 (349) [ 348 348 1.00000000 1 256 ]
 (350) [ 349 349 1.00000000 1 256 ]
 (351) [ 350 350 1.00000000 1 256 ]
 (352) [ 351 351 1.00000000 1 256 ]
 (353) [ 352 352 1.00000000 1 256 ]
 (354) [ 353 353 1.00000000 1 256 ]
 (355) [ 354 354 1.00000000 1 256 ]
 (356) [ 355 355 1.00000000 1 256 ]
 (357) [ 356 356 1.00000000 1 256 ]
 (358) [ 357 357 1.00000000 1 256 ]
 (359) [ 358 358 1.00000000 1 256 ]
 (360) [ 359 359 1.00000000 1 256 ]
 (361) [ 360 360 1.00000000 1 256 ]
 (362) [ 361 361 1.00000000 1 256 ]
 (363) [ 362 362 1.00000000 1 256 ]
 (364) [ 363 363 1.00000000 1 256 ]
 (365) [ 364 364 1.00000000 1 256 ]
 (366) [ 365 365 1.00000000 1 256 ]
 (367) [ 366 366 1.00000000 1 256 ]
 (368) [ 367 367 1.00000000 1 256 ]
 (369) [ 368 368 1.00000000 1 256 ]
 (370) [ 369 369 1.00000000 1 256 ]
 (371) [ 370 370 1.00000000 1 256 ]
 (372) [ 371 371 1.00000000 1 256 ]
 (373) [ 372 372 1.00000000 1 256 ]
 (374) [ 373 373 1.00000000 1 256 ]
 (375) [ 374 374 1.00000000 1 256 ]
 (376) [ 375 375 1.00000000 1 256 ]
 (377) [ 376 376 1.00000000 1 256 ]
 (378) [ 377 377 1.00000000 1 256 ]
 (379) [ 378 378 1.00000000 1 256 ]
 (380) [ 379 379 1.00000000 1 256 ]
 (381) [ 380 380 1.00000000 1 256 ]
 (382) [ 381 381 1.00000000 1 256 ]
 (383) [ 382 382 1.00000000 1 256 ]
 (384) [ 383 383 1.00000000 1 256 ]
 (385) [ 384 384 1.00000000 1 256 ]
 (386) [ 385 385 1.00000000 1 256 ]
 (387) [ 386 386 1.00000000 1 256 ]
 (388) [ 387 387 1.00000000 1 256 ]
 (389) [ 388 388 1.00000000 1 256 ]
 (390) [ 389 389 1.00000000 1 256 ]
 (391) [ 390 390 1.00000000 1 256 ]
 (392) [ 391 391 1.00000000 1 256 ]
 (393) [ 392 392 1.00000000 1 256 ]
 (394) [ 393 393 1.00000000 1 256 ]
 (395) [ 394 394 1.00000000 1 256 ]
 (396) [ 395 395 1.00000000 1 256 ]
 (397) [ 396 396 1.00000000 1 256 ]
 (398) [ 397 397 1.00000000 1 256 ]
 (399) [ 398 398 1.00000000 1 256 ]
 (400) [ 399 399 1.00000000 1 256 ]
 (401) [ 400 400 1.00000000 1 256 ]
 (402) [ 401 401 1.00000000 1 256 ]
 (403) [ 402 402 1.00000000 1 256 ]
 (404) [ 403 403 1.00000000 1 256 ]
 (405) [ 404 404 1.00000000 1 256 ]
 (406) [ 405 405 1.00000000 1 256 ]
 (407) [ 406 406 1.00000000 1 256 ]
 (408) [ 407 407 1.00000000 1 256 ]
 (409) [ 408 408 1.00000000 1 256 ]
 (410) [ 409 409 1.00000000 1 256 ]
 (411) [ 410 410 1.00000000 1 256 ]
 (412) [ 411 411 1.00000000 1 256 ]
 (413) [ 412 412 1.00000000 1 256 ]
 (414) [ 413 413 1.00000000 1 256 ]
 (415) [ 414 414 1.00000000 1 256 ]
 (416) [ 415 415 1.00000000 1 256 ]
 (417) [ 416 416 1.00000000 1 256 ]
 (418) [ 417 417 1.00000000 1 256 ]
 (419) [ 418 418 1.00000000 1 256 ]
 (420) [ 419 419 1.00000000 1 256 ]
 (421) [ 420 420 1.00000000 1 256 ]
 (422) [ 421 421 1.00000000 1 256 ]
 (423) [ 422 422 1.00000000 1 256 ]
 (424) [ 423 423 1.00000000 1 256 ]
 (425) [ 424 424 1.00000000 1 256 ]
 (426) [ 425 425 1.00000000 1 256 ]
 (427) [ 426 426 1.00000000 1 256 ]
 (428) [ 427 427 1.00000000 1 256 ]
 (429) [ 428 428 1.00000000 1 256 ]
 (430) [ 429 429 1.00000000 1 256 ]
 (431) [ 430 430 1.00000000 1 256 ]
 (432) [ 431 431 1.00000000 1 256 ]
 (433) [ 432 432 1.00000000 1 256 ]
 (434) [ 433 433 1.00000000 1 256 ]
 (435) [ 434 434 1.00000000 1 256 ]
 (436) [ 435 435 1.00000000 1 256 ]
 (437) [ 436 436 1.00000000 1 256 ]
 (438) [ 437 437 1.00000000 1 256 ]
 (439) [ 438 438 1.00000000 1 256 ]
 (440) [ 439 439 1.00000000 1 256 ]
 (441) [ 440 440 1.00000000 1 256 ]
 (442) [ 441 441 1.00000000 1 256 ]
 (443) [ 442 442 1.00000000 1 256 ]
 (444) [ 443 443 1.00000000 1 256 ]
 (445) [ 444 444 1.00000000 1 256 ]
 (446) [ 445 445 1.00000000 1 256 ]
 (447) [ 446 446 1.00000000 1 256 ]
 (448) [ 447 447 1.00000000 1 256 ]
 (449) [ 448 448 1.00000000 1 256 ]
 (450) [ 449 449 1.00000000 1 256 ]
 (451) [ 450 450 1.00000000 1 256 ]
 (452) [ 451 451 1.00000000 1 256 ]
 (453) [ 452 452 1.00000000 1 256 ]
 (454) [ 453 453 1.00000000 1 256 ]
 (455) [ 454 454 1.00000000 1 256 ]
 (456) [ 455 455 0.00000000 1 256 ]
 (457) [ 456 456 0.00000000 1 256 ]
 (458) [ 457 457 0.00000000 1 256 ]
 (459) [ 458 458 0.00000000 1 256 ]
 (460) [ 459 459 0.00000000 1 256 ]
 (461) [ 460 460 0.00000000 1 256 ]
 (462) [ 461 461 0.00000000 1 256 ]
 (463) [ 462 462 0.00000000 1 256 ]
 (464) [ 463 463 0.00000000 1 256 ]
 (465) [ 464 464 0.00000000 1 256 ]
 (466) [ 465 465 0.00000000 1 256 ]
 (467) [ 466 466 0.00000000 1 256 ]
 (468) [ 467 467 0.00000000 1 256 ]
 (469) [ 468 468 0.00000000 1 256 ]
 (470) [ 469 469 0.00000000 1 256 ]
 (471) [ 470 470 0.00000000 1 256 ]
 (472) [ 471 471 0.00000000 1 256 ]
 (473) [ 472 472 0.00000000 1 256 ]
 (474) [ 473 473 0.00000000 1 256 ]
 (475) [ 474 474 0.00000000 1 256 ]
 (476) [ 475 475 0.00000000 1 256 ]
 (477) [ 476 476 0.00000000 1 256 ]
 (478) [ 477 477 0.00000000 1 256 ]
 (479) [ 478 478 0.00000000 1 256 ]
 (480) [ 479 479 0.00000000 1 256 ]
 (481) [ 480 480 0.00000000 1 256 ]
 (482) [ 481 481 0.00000000 1 256 ]
 (483) [ 482 482 0.00000000 1 256 ]
 (484) [ 483 483 0.00000000 1 256 ]
 (485) [ 484 484 0.00000000 1 256 ]
 (486) [ 485 485 0.00000000 1 256 ]
 (487) [ 486 486 0.00000000 1 256 ]
 (488) [ 487 487 0.00000000 1 256 ]
 (489) [ 488 488 0.00000000 1 256 ]
 (490) [ 489 489 0.00000000 1 256 ]
 (491) [ 490 490 0.00000000 1 256 ]
 (492) [ 491 491 0.00000000 1 256 ]
 (493) [ 492 492 0.00000000 1 256 ]
 (494) [ 493 493 0.00000000 1 256 ]
 (495) [ 494 494 0.00000000 1 256 ]
 (496) [ 495 495 0.00000000 1 256 ]
 (497) [ 496 496 0.00000000 1 256 ]
 (498) [ 497 497 0.00000000 1 256 ]
 (499) [ 498 498 0.00000000 1 256 ]
 (500) [ 499 499 0.00000000 1 256 ]
 (501) [ 500 500 0.00000000 1 256 ]
 (502) [ 501 501 0.00000000 1 256 ]
 (503) [ 502 502 0.00000000 1 256 ]
 (504) [ 503 503 0.00000000 1 256 ]
 (505) [ 504 504 0.00000000 1 256 ]
 (506) [ 505 505 0.00000000 1 256 ]
 (507) [ 506 506 0.00000000 1 256 ]
 (508) [ 507 507 0.00000000 1 256 ]
 (509) [ 508 508 0.00000000 1 256 ]
 (510) [ 509 509 0.00000000 1 256 ]
 (511) [ 510 510 0.00000000 1 256 ]
 (512) [ 511 511 0.00000000 1 256 ]
 (513) [ 512 512 0.00000000 1 256 ]
 (514) [ 513 513 0.00000000 1 256 ]
 (515) [ 514 514 0.00000000 1 256 ]
 (516) [ 515 515 0.00000000 1 256 ]
 (517) [ 516 516 0.00000000 1 256 ]
 (518) [ 517 517 0.00000000 1 256 ]
 (519) [ 518 518 0.00000000 1 256 ]
 (520) [ 519 519 0.00000000 1 256 ]
 (521) [ 520 520 0.00000000 1 256 ]
 (522) [ 521 521 0.00000000 1 256 ]
 (523) [ 522 522 0.00000000 1 256 ]
 (524) [ 523 523 0.00000000 1 256 ]
 (525) [ 524 524 0.00000000 1 256 ]
 (526) [ 525 525 0.00000000 1 256 ]
 (527) [ 526 526 0.00000000 1 256 ]
 (528) [ 527 527 0.00000000 1 256 ]
 (529) [ 528 528 0.00000000 1 256 ]
 (530) [ 529 529 0.00000000 1 256 ]
 (531) [ 530 530 0.00000000 1 256 ]
 (532) [ 531 531 0.00000000 1 256 ]
 (533) [ 532 532 0.00000000 1 256 ]
 (534) [ 533 533 0.00000000 1 256 ]
 (535) [ 534 534 0.00000000 1 256 ]
 (536) [ 535 535 0.00000000 1 256 ]
 (537) [ 536 536 0.00000000 1 256 ]
 (538) [ 537 537 0.00000000 1 256 ]
 (539) [ 538 538 0.00000000 1 256 ]
 (540) [ 539 539 0.00000000 1 256 ]
 (541) [ 540 540 0.00000000 1 256 ]
 (542) [ 541 541 0.00000000 1 256 ]
 (543) [ 542 542 0.00000000 1 256 ]
 (544) [ 543 543 0.00000000 1 256 ]
 (545) [ 544 544 0.00000000 1 256 ]
 (546) [ 545 545 0.00000000 1 256 ]
 (547) [ 546 546 0.00000000 1 256 ]
 (548) [ 547 547 0.00000000 1 256 ]
 (549) [ 548 548 0.00000000 1 256 ]
 (550) [ 549 549 0.00000000 1 256 ]
 (551) [ 550 550 0.00000000 1 256 ]
 (552) [ 551 551 0.00000000 1 256 ]
 (553) [ 552 552 0.00000000 1 256 ]
 (554) [ 553 553 0.00000000 1 256 ]
 (555) [ 554 554 0.00000000 1 256 ]
 (556) [ 555 555 0.00000000 1 256 ]
 (557) [ 556 556 0.00000000 1 256 ]
 (558) [ 557 557 0.00000000 1 256 ]
 (559) [ 558 558 0.00000000 1 256 ]
 (560) [ 559 559 0.00000000 1 256 ]
 (561) [ 560 560 0.00000000 1 256 ]
 (562) [ 561 561 0.00000000 1 256 ]
 (563) [ 562 562 0.00000000 1 256 ]
 (564) [ 563 563 0.00000000 1 256 ]
 (565) [ 564 564 0.00000000 1 256 ]
 (566) [ 565 565 0.00000000 1 256 ]
 (567) [ 566 566 0.00000000 1 256 ]
 (568) [ 567 567 0.00000000 1 256 ]
 (569) [ 568 568 0.00000000 1 256 ]
 (570) [ 569 569 0.00000000 1 256 ]
 (571) [ 570 570 0.00000000 1 256 ]
 (572) [ 571 571 0.00000000 1 256 ]
 (573) [ 572 572 0.00000000 1 256 ]
 (574) [ 573 573 0.00000000 1 256 ]
 (575) [ 574 574 0.00000000 1 256 ]
 (576) [ 575 575 0.00000000 1 256 ]
 (577) [ 576 576 0.00000000 1 256 ]
 (578) [ 577 577 0.00000000 1 256 ]
 (579) [ 578 578 0.00000000 1 256 ]
 (580) [ 579 579 0.00000000 1 256 ]
 (581) [ 580 580 0.00000000 1 256 ]
 (582) [ 581 581 0.00000000 1 256 ]
 (583) [ 582 582 0.00000000 1 256 ]
 (584) [ 583 583 0.00000000 1 256 ]
 (585) [ 584 584 0.00000000 1 256 ]
 (586) [ 585 585 0.00000000 1 256 ]
 (587) [ 586 586 0.00000000 1 256 ]
 (588) [ 587 587 0.00000000 1 256 ]
 (589) [ 588 588 0.00000000 1 256 ]
 (590) [ 589 589 0.00000000 1 256 ]
 (591) [ 590 590 0.00000000 1 256 ]
 (592) [ 591 591 0.00000000 1 256 ]
 (593) [ 592 592 0.00000000 1 256 ]
 (594) [ 593 593 0.00000000 1 256 ]
 (595) [ 594 594 0.00000000 1 256 ]
 (596) [ 595 595 0.00000000 1 256 ]
 (597) [ 596 596 0.00000000 1 256 ]
 (598) [ 597 597 0.00000000 1 256 ]
 (599) [ 598 598 0.00000000 1 256 ]
 (600) [ 599 599 0.00000000 1 256 ]
 (601) [ 600 600 0.00000000 1 256 ]
 (602) [ 601 601 0.00000000 1 256 ]
 (603) [ 602 602 0.00000000 1 256 ]
 (604) [ 603 603 0.00000000 1 256 ]
 (605) [ 604 604 0.00000000 1 256 ]
 (606) [ 605 605 0.00000000 1 256 ]
 (607) [ 606 606 0.00000000 1 256 ]
 (608) [ 607 607 0.00000000 1 256 ]
 (609) [ 608 608 0.00000000 1 256 ]
 (610) [ 609 609 0.00000000 1 256 ]
 (611) [ 610 610 0.00000000 1 256 ]
 (612) [ 611 611 0.00000000 1 256 ]
 (613) [ 612 612 0.00000000 1 256 ]
 (614) [ 613 613 0.00000000 1 256 ]
 (615) [ 614 614 0.00000000 1 256 ]
 (616) [ 615 615 0.00000000 1 256 ]
 (617) [ 616 616 0.00000000 1 256 ]
 (618) [ 617 617 0.00000000 1 256 ]
 (619) [ 618 618 0.00000000 1 256 ]
 (620) [ 619 619 0.00000000 1 256 ]
 (621) [ 620 620 0.00000000 1 256 ]
 (622) [ 621 621 0.00000000 1 256 ]
 (623) [ 622 622 0.00000000 1 256 ]
 (624) [ 623 623 0.00000000 1 256 ]
 (625) [ 624 624 0.00000000 1 256 ]
 (626) [ 625 625 0.00000000 1 256 ]
 (627) [ 626 626 0.00000000 1 256 ]
 (628) [ 627 627 0.00000000 1 256 ]
 (629) [ 628 628 0.00000000 1 256 ]
 (630) [ 629 629 0.00000000 1 256 ]
 (631) [ 630 630 0.00000000 1 256 ]
 (632) [ 631 631 0.00000000 1 256 ]
 (633) [ 632 632 0.00000000 1 256 ]
 (634) [ 633 633 0.00000000 1 256 ]
 (635) [ 634 634 0.00000000 1 256 ]
 (636) [ 635 635 0.00000000 1 256 ]
 (637) [ 636 636 0.00000000 1 256 ]
 (638) [ 637 637 0.00000000 1 256 ]
 (639) [ 638 638 0.00000000 1 256 ]
 (640) [ 639 639 0.00000000 1 256 ]
 (641) [ 640 640 0.00000000 1 256 ]
 (642) [ 641 641 0.00000000 1 256 ]
 (643) [ 642 642 0.00000000 1 256 ]
 (644) [ 643 643 0.00000000 1 256 ]
 (645) [ 644 644 0.00000000 1 256 ]
 (646) [ 645 645 0.00000000 1 256 ]
 (647) [ 646 646 0.00000000 1 256 ]
 (648) [ 647 647 0.00000000 1 256 ]
 (649) [ 648 648 0.00000000 1 256 ]
 (650) [ 649 649 0.00000000 1 256 ]
 (651) [ 650 650 0.00000000 1 256 ]
 (652) [ 651 651 0.00000000 1 256 ]
 (653) [ 652 652 0.00000000 1 256 ]
 (654) [ 653 653 0.00000000 1 256 ]
 (655) [ 654 654 0.00000000 1 256 ]
 (656) [ 655 655 0.00000000 1 256 ]
 (657) [ 656 656 0.00000000 1 256 ]
 (658) [ 657 657 0.00000000 1 256 ]
 (659) [ 658 658 0.00000000 1 256 ]
 (660) [ 659 659 0.00000000 1 256 ]
 (661) [ 660 660 0.00000000 1 256 ]
 (662) [ 661 661 0.00000000 1 256 ]
 (663) [ 662 662 0.00000000 1 256 ]
 (664) [ 663 663 0.00000000 1 256 ]
 (665) [ 664 664 0.00000000 1 256 ]
 (666) [ 665 665 0.00000000 1 256 ]
 (667) [ 666 666 0.00000000 1 256 ]
 (668) [ 667 667 0.00000000 1 256 ]
 (669) [ 668 668 0.00000000 1 256 ]
 (670) [ 669 669 0.00000000 1 256 ]
 (671) [ 670 670 0.00000000 1 256 ]
 (672) [ 671 671 0.00000000 1 256 ]
 (673) [ 672 672 0.00000000 1 256 ]
 (674) [ 673 673 0.00000000 1 256 ]
 (675) [ 674 674 0.00000000 1 256 ]
 (676) [ 675 675 0.00000000 1 256 ]
 (677) [ 676 676 0.00000000 1 256 ]
 (678) [ 677 677 0.00000000 1 256 ]
 (679) [ 678 678 0.00000000 1 256 ]
 (680) [ 679 679 0.00000000 1 256 ]
 (681) [ 680 680 0.00000000 1 256 ]
 (682) [ 681 681 0.00000000 1 256 ]
 (683) [ 682 682 0.00000000 1 256 ]
 (684) [ 683 683 0.00000000 1 256 ]
 (685) [ 684 684 0.00000000 1 256 ]
 (686) [ 685 685 0.00000000 1 256 ]
 (687) [ 686 686 0.00000000 1 256 ]
 (688) [ 687 687 0.00000000 1 256 ]
 (689) [ 688 688 0.00000000 1 256 ]
 (690) [ 689 689 0.00000000 1 256 ]
 (691) [ 690 690 0.00000000 1 256 ]
 (692) [ 691 691 0.00000000 1 256 ]
 (693) [ 692 692 0.00000000 1 256 ]
 (694) [ 693 693 0.00000000 1 256 ]
 (695) [ 694 694 0.00000000 1 256 ]
 (696) [ 695 695 0.00000000 1 256 ]
 (697) [ 696 696 0.00000000 1 256 ]
 (698) [ 697 697 0.00000000 1 256 ]
 (699) [ 698 698 0.00000000 1 256 ]
 (700) [ 699 699 0.00000000 1 256 ]
 (701) [ 700 700 0.00000000 1 256 ]
 (702) [ 701 701 0.00000000 1 256 ]
 (703) [ 702 702 0.00000000 1 256 ]
 (704) [ 703 703 0.00000000 1 256 ]
 (705) [ 704 704 0.00000000 1 256 ]
 (706) [ 705 705 0.00000000 1 256 ]
 (707) [ 706 706 0.00000000 1 256 ]
 (708) [ 707 707 0.00000000 1 256 ]
 (709) [ 708 708 0.00000000 1 256 ]
 (710) [ 709 709 0.00000000 1 256 ]
 (711) [ 710 710 0.00000000 1 256 ]
 (712) [ 711 711 0.00000000 1 256 ]
 (713) [ 712 712 0.00000000 1 256 ]
 (714) [ 713 713 0.00000000 1 256 ]
 (715) [ 714 714 0.00000000 1 256 ]
 (716) [ 715 715 0.00000000 1 256 ]
 (717) [ 716 716 0.00000000 1 256 ]
 (718) [ 717 717 0.00000000 1 256 ]
 (719) [ 718 718 0.00000000 1 256 ]
 (720) [ 719 719 0.00000000 1 256 ]
 (721) [ 720 720 0.00000000 1 256 ]
 (722) [ 721 721 0.00000000 1 256 ]
 (723) [ 722 722 0.00000000 1 256 ]
 (724) [ 723 723 0.00000000 1 256 ]
 (725) [ 724 724 0.00000000 1 256 ]
 (726) [ 725 725 0.00000000 1 256 ]
 (727) [ 726 726 0.00000000 1 256 ]
 (728) [ 727 727 0.00000000 1 256 ]
 (729) [ 728 728 0.00000000 1 256 ]
 (730) [ 729 729 0.00000000 1 256 ] ]
